# UID MID Rating
926 0 2
926 1 5
926 2 0
926 3 5
926 4 1
926 5 2
926 6 5
926 7 2
926 8 3
926 9 1
926 10 0
926 11 5
926 12 1
926 13 0
926 14 3
926 15 2
926 16 0
926 17 5
926 18 5
926 19 3
926 20 1
926 21 5
926 22 0
926 23 3
926 24 2
926 25 4
926 26 0
926 27 0
926 28 1
926 29 2
926 30 5
926 31 3
926 32 1
926 33 3
926 34 1
926 35 0
926 36 1
926 37 2
926 38 0
926 39 0
926 40 4
926 41 0
926 42 1
926 43 0
926 44 4
926 45 1
926 46 0
926 47 5
926 48 5
926 50 4
926 51 0
926 52 0
926 53 4
926 54 5
926 55 5
926 56 5
926 57 5
926 58 4
926 59 4
926 60 0
926 61 1
926 62 5
926 63 3
926 64 0
926 65 4
926 66 0
926 67 0
926 68 0
926 69 0
926 70 4
926 71 1
926 72 3
926 73 5
926 74 1
926 75 0
926 76 4
926 77 1
926 78 1
926 79 0
926 80 3
926 81 0
926 82 2
926 83 3
926 84 3
926 85 3
926 86 2
926 87 4
926 88 2
926 89 2
926 90 3
926 91 4
926 92 3
926 93 1
926 94 2
926 95 1
926 96 1
926 97 2
926 98 0
926 99 4
926 100 1
926 101 4
926 102 4
926 103 5
926 104 4
926 105 4
926 106 0
926 107 5
926 108 3
926 109 2
926 110 4
926 111 5
926 112 2
926 113 0
926 114 3
926 115 3
926 116 3
926 117 4
926 118 2
926 119 2
926 120 3
926 121 4
926 122 4
926 123 0
926 124 4
926 125 1
926 126 3
926 127 5
926 128 3
926 129 0
926 130 2
926 131 4
926 132 4
926 133 5
926 134 3
926 135 3
926 137 1
926 138 0
926 139 2
926 140 0
926 141 0
926 142 3
926 143 2
926 145 1
926 146 4
926 147 1
926 148 0
926 149 4
926 150 5
926 151 4
926 152 0
926 153 4
926 154 0
926 155 0
926 156 5
926 157 3
926 158 5
926 159 4
926 160 5
926 161 1
926 162 0
926 163 2
926 164 2
926 165 2
926 166 1
926 167 0
926 168 3
926 169 3
926 170 4
926 171 2
926 172 1
926 173 4
926 174 1
926 175 2
926 176 4
926 177 3
926 178 3
926 179 0
926 180 4
926 181 3
926 182 5
926 183 1
926 184 1
926 185 4
926 186 0
926 187 4
926 188 5
926 189 1
926 190 3
926 191 3
926 192 2
926 193 2
926 194 5
926 195 5
926 196 0
926 197 3
926 198 3
926 199 1
926 200 0
926 201 1
926 202 0
926 203 1
926 204 4
926 205 4
926 206 0
926 207 3
926 208 3
926 209 4
926 210 5
926 211 3
926 212 4
926 213 0
926 214 4
926 215 3
926 216 4
926 217 1
926 218 1
926 219 2
926 220 3
926 221 1
926 222 0
926 223 0
926 224 2
926 225 5
926 226 4
926 227 3
926 228 1
926 229 3
926 230 4
926 231 2
926 232 3
926 233 3
926 234 0
926 236 3
926 237 5
926 238 3
926 240 0
926 241 5
926 242 1
926 243 5
926 244 3
926 246 0
926 247 1
926 248 4
926 249 2
926 250 2
926 251 4
926 252 1
926 253 1
926 254 5
926 255 3
926 256 4
926 257 2
926 258 2
926 259 2
926 260 0
926 261 5
926 262 3
926 263 2
926 264 1
926 265 0
926 266 0
926 267 1
926 268 2
926 269 2
926 270 0
926 271 4
926 272 1
926 273 5
926 274 1
926 276 2
926 277 5
926 278 1
926 279 4
926 280 3
926 281 3
926 282 4
926 283 3
926 285 5
926 286 2
926 287 0
926 288 0
926 289 0
926 290 4
926 291 0
926 292 0
926 293 1
926 294 3
926 295 1
926 296 2
926 297 4
926 298 2
926 299 2
926 300 1
926 301 3
926 302 3
926 303 2
926 304 2
926 305 2
926 306 5
926 307 5
926 309 4
926 310 4
926 311 4
926 312 2
926 313 3
926 314 5
926 315 5
926 316 1
926 317 4
926 318 4
926 319 3
926 320 0
926 321 0
926 322 4
926 323 4
926 324 3
926 325 3
926 326 4
926 327 5
926 328 1
926 329 3
926 330 3
926 332 4
926 333 3
926 334 4
926 335 4
926 336 5
926 337 5
926 338 3
926 339 2
926 340 2
926 341 3
926 342 4
926 343 3
926 344 3
926 346 1
926 347 0
926 348 4
926 349 5
926 350 1
926 351 4
926 352 1
926 353 4
926 354 5
926 355 5
926 356 4
926 357 1
926 358 1
926 359 2
926 360 5
926 361 1
926 362 3
926 363 0
926 364 0
926 365 3
926 366 1
926 367 3
926 368 5
926 369 1
926 370 0
926 372 2
926 373 1
926 374 0
926 375 0
926 376 3
926 377 3
926 378 2
926 379 5
926 380 1
926 381 2
926 382 4
926 383 0
926 384 5
926 388 0
926 389 0
926 390 4
926 391 1
926 392 3
926 393 3
926 394 1
926 395 5
926 396 5
926 397 0
926 398 0
926 399 1
926 400 2
926 401 4
926 402 2
926 403 4
926 404 1
926 405 4
926 406 0
926 407 4
926 408 0
926 409 1
926 410 5
926 411 0
926 412 5
926 413 4
926 414 4
926 415 1
926 416 4
926 417 3
926 418 1
926 419 4
926 420 5
926 421 0
926 422 4
926 423 5
926 424 1
926 426 0
926 427 1
926 428 4
926 429 1
926 430 2
926 431 4
926 433 2
926 434 0
926 435 3
926 436 2
926 437 1
926 438 0
926 439 4
926 440 5
926 441 3
926 443 1
926 444 5
926 445 0
926 446 5
926 447 5
926 448 3
926 449 5
926 450 4
926 451 0
926 452 1
926 453 0
926 454 4
926 455 4
926 456 5
926 457 5
926 458 0
926 459 5
926 460 5
926 461 0
926 462 2
926 464 2
926 465 5
926 466 4
926 467 0
926 468 5
926 469 1
926 470 3
926 471 4
926 472 1
926 473 3
926 474 3
926 475 5
926 476 0
926 478 3
926 480 0
926 481 4
926 482 5
926 483 3
926 484 3
926 485 3
926 486 5
926 488 2
926 489 1
926 490 2
926 491 2
926 492 0
926 493 4
926 494 5
926 495 5
926 496 3
926 497 4
926 498 1
926 499 4
926 500 3
926 501 0
926 502 2
926 503 0
926 504 5
926 505 1
926 506 1
926 507 1
926 508 2
926 509 5
926 510 2
926 511 4
926 512 0
926 515 3
926 516 4
926 518 5
926 519 0
926 521 1
926 522 4
926 523 4
926 524 4
926 525 1
926 526 4
926 527 5
926 528 1
926 529 0
926 530 5
926 531 3
926 532 3
926 533 5
926 534 3
926 535 5
926 536 3
926 537 2
926 538 5
926 539 4
926 540 3
926 541 0
926 542 2
926 543 3
926 545 2
926 546 0
926 548 2
926 550 5
926 551 1
926 552 1
926 553 3
926 554 5
926 555 5
926 557 1
926 558 1
926 559 1
926 560 4
926 562 0
926 563 2
926 565 3
926 566 5
926 567 2
926 569 0
926 570 2
926 571 3
926 572 0
926 573 4
926 574 2
926 575 1
926 576 2
926 577 5
926 578 2
926 579 5
926 580 0
926 581 5
926 582 3
926 584 5
926 586 1
926 587 3
926 589 3
926 590 1
926 591 4
926 592 2
926 593 2
926 595 2
926 596 3
926 597 0
926 598 4
926 599 0
926 600 2
926 601 5
926 602 1
926 603 3
926 604 3
926 605 2
926 607 1
926 608 4
926 610 3
926 611 3
926 612 5
926 613 4
926 615 4
926 616 0
926 617 4
926 618 0
926 619 4
926 620 0
926 621 1
926 623 5
926 624 0
926 625 0
926 626 2
926 627 2
926 629 4
926 630 0
926 631 1
926 632 3
926 633 5
926 634 5
926 635 5
926 636 0
926 637 1
926 638 1
926 639 0
926 640 3
926 642 0
926 643 3
926 644 0
926 645 1
926 646 4
926 647 3
926 648 2
926 649 5
926 650 3
926 651 1
926 652 5
926 653 3
926 654 5
926 655 5
926 657 1
926 658 0
926 659 5
926 660 0
926 661 4
926 662 5
926 663 1
926 664 0
926 665 4
926 666 1
926 667 2
926 668 1
926 669 2
926 670 1
926 671 2
926 672 0
926 673 4
926 674 0
926 675 4
926 676 1
926 677 0
926 679 2
926 680 1
926 681 5
926 682 3
926 683 3
926 684 3
926 685 4
926 686 4
926 687 1
926 689 2
926 690 0
926 691 5
926 692 1
926 693 0
926 694 4
926 696 5
926 697 2
926 698 5
926 699 0
926 700 0
926 701 3
926 702 3
926 704 4
926 705 0
926 706 4
926 707 3
926 708 2
926 709 4
926 712 2
926 713 0
926 714 0
926 715 1
926 716 1
926 717 2
926 718 0
926 719 0
926 720 1
926 721 1
926 722 5
926 723 1
926 724 1
926 725 0
926 726 4
926 727 4
926 730 5
926 731 4
926 732 5
926 733 0
926 736 1
926 738 5
926 739 5
926 740 2
926 742 4
926 743 5
926 744 4
926 745 5
926 746 3
926 747 4
926 748 4
926 749 2
926 750 0
926 751 4
926 753 1
926 754 4
926 755 5
926 756 2
926 757 2
926 758 2
926 759 2
926 760 0
926 762 3
926 764 3
926 765 5
926 766 2
926 767 1
926 768 3
926 769 5
926 770 3
926 771 2
926 773 5
926 774 1
926 775 5
926 776 2
926 777 2
926 778 0
926 779 0
926 780 5
926 781 2
926 782 0
926 783 4
926 785 3
926 786 0
926 787 2
926 789 5
926 790 2
926 791 5
926 792 4
926 793 3
926 794 0
926 795 2
926 797 1
926 798 2
926 799 3
926 800 4
926 801 2
926 802 3
926 803 2
926 804 0
926 805 2
926 806 1
926 807 5
926 808 2
926 809 5
926 810 3
926 811 2
926 812 2
926 814 4
926 815 1
926 816 0
926 818 2
926 819 4
926 820 4
926 821 3
926 822 4
926 823 0
926 824 3
926 825 3
926 826 0
926 827 2
926 828 5
926 829 4
926 830 5
926 832 1
926 834 3
926 835 5
926 836 2
926 837 1
926 838 5
926 839 2
926 841 5
926 842 4
926 843 0
926 844 0
926 845 3
926 846 2
926 847 2
926 849 2
926 850 5
926 851 5
926 852 5
926 853 3
926 854 1
926 855 0
926 856 1
926 857 0
926 860 5
926 861 1
926 862 3
926 863 2
926 866 4
926 868 5
926 869 1
926 870 5
926 871 1
926 872 0
926 874 1
926 875 2
926 876 1
926 877 3
926 879 2
926 880 5
926 883 2
926 884 1
926 885 3
926 886 0
926 887 1
926 888 0
926 889 4
926 890 2
926 891 2
926 892 4
926 893 0
926 894 4
926 895 2
926 896 5
926 898 0
926 899 5
926 900 3
926 901 1
926 902 5
926 903 1
926 906 3
926 907 5
926 908 0
926 909 4
926 910 3
926 911 2
926 913 0
926 914 5
926 915 2
926 916 2
926 917 3
926 918 3
926 920 5
926 921 4
926 922 1
926 923 1
926 924 5
926 926 1
926 927 5
926 928 0
926 929 4
926 930 3
926 933 1
926 935 1
926 937 2
926 940 2
926 942 4
926 943 0
926 944 5
926 945 3
926 946 1
926 947 4
926 948 2
926 949 3
926 950 4
926 951 2
926 953 2
926 954 5
926 956 2
926 958 2
926 959 4
926 960 0
926 962 5
926 963 2
926 964 1
926 965 0
926 967 1
926 968 3
926 969 0
926 970 1
926 971 2
926 974 0
926 975 5
926 982 5
926 984 0
926 985 0
926 986 4
926 987 2
926 988 0
926 989 4
926 990 0
926 991 3
926 992 5
926 993 4
926 994 0
926 997 0
926 998 5
926 1000 3
926 1001 3
926 1002 1
926 1003 0
926 1004 4
926 1005 2
926 1006 0
926 1008 0
926 1009 3
926 1010 4
926 1012 1
926 1013 1
926 1014 1
926 1015 2
926 1016 3
926 1017 2
926 1018 3
926 1019 2
926 1020 2
926 1022 3
926 1023 1
926 1024 5
926 1025 2
926 1026 0
926 1027 3
926 1029 3
926 1030 2
926 1031 3
926 1033 1
926 1034 3
926 1035 4
926 1036 3
926 1037 2
926 1038 2
926 1039 2
926 1040 4
926 1041 3
926 1042 4
926 1043 0
926 1047 4
926 1049 5
926 1050 1
926 1051 4
926 1052 0
926 1053 1
926 1055 4
926 1056 4
926 1057 3
926 1058 2
926 1059 2
926 1061 0
926 1062 1
926 1063 5
926 1067 3
926 1068 5
926 1069 5
926 1070 0
926 1071 1
926 1073 4
926 1074 5
926 1075 2
926 1077 5
926 1078 0
926 1080 0
926 1081 3
926 1084 0
926 1085 0
926 1086 4
926 1087 2
926 1089 3
926 1090 5
926 1091 2
926 1093 2
926 1094 0
926 1095 2
926 1096 2
926 1097 0
926 1098 2
926 1099 4
926 1100 2
926 1101 1
926 1102 5
926 1103 0
926 1104 3
926 1106 4
926 1107 4
926 1108 4
926 1109 2
926 1110 1
926 1111 5
926 1112 0
926 1113 1
926 1115 3
926 1116 0
926 1117 5
926 1119 3
926 1121 0
926 1122 3
926 1123 2
926 1126 0
926 1128 3
926 1129 3
926 1130 2
926 1132 5
926 1133 0
926 1134 4
926 1135 3
926 1136 4
926 1137 5
926 1138 0
926 1139 3
926 1140 3
926 1141 4
926 1144 2
926 1145 5
926 1146 4
926 1147 0
926 1150 4
926 1151 2
926 1152 5
926 1153 0
926 1155 4
926 1156 4
926 1157 2
926 1158 3
926 1159 3
926 1160 5
926 1161 5
926 1163 1
926 1164 0
926 1165 3
926 1167 2
926 1168 5
926 1169 5
926 1170 1
926 1171 0
926 1172 5
926 1173 0
926 1175 4
926 1176 1
926 1178 1
926 1180 3
926 1182 5
926 1183 0
926 1184 5
926 1186 5
926 1187 1
926 1189 0
926 1190 0
926 1191 5
926 1192 2
926 1193 4
926 1194 0
926 1195 4
926 1198 0
926 1199 3
926 1201 5
926 1202 2
926 1203 4
926 1204 3
926 1205 1
926 1206 2
926 1207 1
926 1208 4
926 1209 2
926 1211 1
926 1213 4
926 1214 5
926 1215 3
926 1216 1
926 1217 1
926 1218 2
926 1220 2
926 1223 4
926 1225 3
926 1226 0
926 1228 2
926 1229 1
926 1231 1
926 1232 4
926 1233 3
926 1235 3
926 1236 0
926 1237 4
926 1238 0
926 1239 2
926 1241 5
926 1242 4
926 1243 2
926 1245 5
926 1246 1
926 1250 5
926 1252 3
926 1254 4
926 1255 3
926 1256 0
926 1257 4
926 1258 3
926 1259 4
926 1260 2
926 1261 2
926 1262 0
926 1264 0
926 1265 4
926 1266 4
926 1267 4
926 1268 4
926 1269 0
926 1270 5
926 1271 0
926 1272 1
926 1273 0
926 1275 4
926 1276 3
926 1277 1
926 1278 5
926 1279 2
926 1280 4
926 1281 2
926 1282 2
926 1284 5
926 1285 0
926 1286 3
926 1287 5
926 1288 4
926 1291 5
926 1293 4
926 1294 1
926 1296 5
926 1297 2
926 1298 3
926 1300 2
926 1301 0
926 1302 0
926 1303 5
926 1304 2
926 1305 3
926 1306 1
926 1307 2
926 1309 2
926 1310 4
926 1311 0
926 1312 3
926 1313 4
926 1314 3
926 1318 0
926 1319 0
926 1320 4
926 1321 5
926 1322 3
926 1323 4
926 1324 3
926 1326 2
926 1327 0
926 1328 4
926 1329 0
926 1331 1
926 1332 3
926 1333 1
926 1334 5
926 1336 0
926 1337 3
926 1338 5
926 1339 5
926 1340 2
926 1341 2
926 1345 2
926 1346 2
926 1347 5
926 1348 2
926 1350 2
926 1351 3
926 1352 1
926 1353 5
926 1354 0
926 1355 3
926 1356 4
926 1359 3
926 1360 1
926 1361 5
926 1362 3
926 1363 0
926 1364 0
926 1365 3
926 1366 5
926 1367 5
926 1368 3
926 1370 4
926 1371 0
926 1372 5
926 1373 2
926 1374 4
926 1376 1
926 1377 4
926 1378 5
926 1379 0
926 1381 1
926 1382 4
926 1383 4
926 1384 0
926 1387 5
926 1389 2
926 1390 3
926 1392 0
926 1393 3
926 1394 5
926 1396 5
926 1398 2
926 1399 3
926 1400 3
926 1401 3
926 1402 1
926 1403 2
926 1405 4
926 1406 1
926 1409 4
926 1410 3
926 1411 3
926 1412 3
926 1414 3
926 1415 3
926 1416 4
926 1417 2
926 1419 5
926 1420 5
926 1421 4
926 1422 3
926 1423 2
926 1425 4
926 1426 4
926 1428 1
926 1429 0
926 1431 3
926 1432 5
926 1435 1
926 1437 3
926 1439 4
926 1442 3
926 1445 3
926 1446 4
926 1447 5
926 1448 2
926 1449 4
926 1451 1
926 1452 1
926 1453 1
926 1454 0
926 1456 2
926 1457 5
926 1458 1
926 1459 4
926 1461 2
926 1462 0
926 1463 4
926 1464 4
926 1466 0
926 1467 0
926 1468 1
926 1470 4
926 1471 0
926 1472 0
926 1473 3
926 1474 3
926 1475 0
926 1476 2
926 1477 1
926 1479 4
926 1480 1
926 1482 3
926 1484 2
926 1485 4
926 1486 1
926 1487 2
926 1488 5
926 1489 2
926 1491 2
926 1492 3
926 1493 5
926 1494 2
926 1496 3
926 1497 0
926 1499 3
926 1500 3
926 1501 3
926 1502 4
926 1504 0
926 1505 2
926 1508 4
926 1510 0
926 1511 5
926 1512 1
926 1513 2
926 1514 4
926 1515 3
926 1517 0
926 1518 3
926 1519 0
926 1520 2
926 1521 0
926 1522 2
926 1526 2
926 1527 1
926 1528 2
926 1529 2
926 1531 2
926 1532 4
926 1533 4
926 1536 0
926 1537 0
926 1538 3
926 1540 0
926 1541 2
926 1542 1
926 1544 3
926 1545 0
926 1546 3
926 1549 4
926 1550 1
926 1551 5
926 1552 3
926 1554 5
926 1555 3
926 1556 3
926 1557 2
926 1558 0
926 1560 2
926 1562 1
926 1563 5
926 1566 0
926 1569 2
926 1571 5
926 1575 1
926 1576 5
926 1578 3
926 1579 3
926 1581 3
926 1584 3
926 1585 3
926 1587 0
926 1592 2
926 1593 3
926 1596 4
926 1597 3
926 1598 5
926 1599 3
926 1602 1
926 1603 5
926 1604 1
926 1605 4
926 1608 5
926 1611 5
926 1616 2
926 1617 2
926 1618 2
926 1619 1
926 1620 5
926 1621 2
926 1622 3
926 1623 3
926 1627 4
926 1628 0
926 1629 0
926 1630 3
926 1631 5
926 1632 4
926 1633 3
926 1635 0
926 1636 5
926 1638 3
926 1642 3
926 1643 3
926 1644 1
926 1645 4
926 1646 3
926 1647 2
926 1648 2
926 1649 3
926 1650 3
926 1651 3
926 1653 1
926 1654 4
926 1658 0
926 1659 3
926 1660 1
926 1661 0
926 1662 2
926 1663 0
926 1664 2
926 1665 1
926 1666 4
926 1669 3
926 1670 0
926 1671 3
926 1674 0
926 1675 2
926 1676 2
926 1679 3
926 1680 1
926 1683 2
926 1684 0
926 1685 1
926 1687 0
926 1688 4
926 1689 1
926 1690 1
926 1692 0
926 1693 3
926 1694 4
926 1695 4
926 1696 2
926 1697 3
926 1698 0
926 1699 1
926 1700 3
926 1701 1
926 1702 1
926 1705 0
926 1706 3
926 1708 2
926 1709 5
926 1712 1
926 1713 3
926 1714 3
926 1715 5
926 1716 2
926 1721 0
926 1722 5
926 1723 1
926 1724 2
926 1725 1
926 1726 0
926 1728 2
926 1729 4
926 1730 0
926 1732 0
926 1734 3
926 1735 5
926 1737 1
926 1738 1
926 1739 2
926 1740 2
926 1741 0
926 1742 5
926 1744 2
926 1747 5
926 1749 3
926 1750 4
926 1751 4
926 1753 0
926 1754 5
926 1755 5
926 1756 3
926 1757 2
926 1761 4
926 1764 3
926 1766 1
926 1767 3
926 1768 2
926 1771 5
926 1772 0
926 1773 2
926 1775 4
926 1776 4
926 1780 1
926 1784 4
926 1785 4
926 1787 0
926 1788 0
926 1789 5
926 1791 5
926 1794 5
926 1795 1
926 1796 1
926 1800 3
926 1804 1
926 1805 4
926 1806 3
926 1807 0
926 1808 3
926 1809 3
926 1811 2
926 1815 5
926 1818 5
926 1820 2
926 1822 2
926 1823 1
926 1824 0
926 1825 3
926 1827 4
926 1828 2
926 1829 2
926 1832 3
926 1833 0
926 1834 5
926 1836 1
926 1837 3
926 1839 1
926 1840 1
926 1842 3
926 1843 3
926 1847 4
926 1849 5
926 1851 3
926 1852 4
926 1853 4
926 1854 0
926 1855 0
926 1857 0
926 1860 5
926 1861 1
926 1863 3
926 1864 4
926 1867 2
926 1868 1
926 1870 2
926 1871 5
926 1872 3
926 1874 4
926 1875 3
926 1877 3
926 1879 2
926 1880 0
926 1881 4
926 1883 3
926 1884 5
926 1885 3
926 1886 2
926 1887 3
926 1889 3
926 1891 5
926 1894 2
926 1897 0
926 1899 4
926 1901 0
926 1902 2
926 1903 5
926 1904 1
926 1906 2
926 1909 5
926 1912 1
926 1914 4
926 1915 5
926 1916 0
926 1918 4
926 1919 1
926 1921 5
926 1924 1
926 1925 3
926 1926 5
926 1927 0
926 1929 1
926 1931 2
926 1933 2
926 1934 3
926 1935 1
926 1938 5
926 1940 3
926 1941 0
926 1942 5
926 1944 2
926 1946 3
926 1948 1
926 1949 0
926 1951 2
926 1952 4
926 1953 4
926 1955 1
926 1956 2
926 1957 4
926 1960 1
926 1961 5
926 1962 3
926 1963 4
926 1965 0
926 1969 1
926 1970 0
926 1975 3
926 1976 1
926 1978 4
926 1980 0
926 1981 2
926 1982 2
926 1983 2
926 1984 1
926 1985 4
926 1986 3
926 1988 0
926 1989 3
926 1991 4
926 1992 4
926 1993 0
926 1994 2
926 1995 4
926 1996 4
926 1999 2
926 2000 2
926 2002 3
926 2003 2
926 2004 5
926 2006 2
926 2007 3
926 2010 4
926 2011 5
926 2013 5
926 2015 4
926 2017 0
926 2018 5
926 2019 0
926 2021 2
926 2023 2
926 2024 2
926 2025 3
926 2026 2
926 2028 2
926 2029 0
926 2030 2
926 2032 4
926 2033 1
926 2036 0
926 2039 5
926 2040 3
926 2042 5
926 2044 1
926 2046 1
926 2048 5
926 2049 2
926 2050 0
926 2051 0
926 2052 2
926 2053 5
926 2055 1
926 2059 2
926 2061 2
926 2062 5
926 2063 0
926 2068 4
926 2069 1
926 2070 2
926 2072 5
926 2073 4
926 2074 5
926 2075 2
926 2078 4
926 2080 4
926 2083 0
926 2085 4
926 2087 5
926 2088 4
926 2089 4
926 2090 5
926 2092 2
926 2093 3
926 2094 1
926 2095 0
926 2097 3
926 2100 1
926 2101 4
926 2102 2
926 2103 5
926 2105 5
926 2106 5
926 2108 3
926 2110 4
926 2115 4
926 2116 2
926 2118 0
926 2119 0
926 2120 4
926 2121 2
926 2122 4
926 2123 3
926 2125 5
926 2130 0
926 2132 0
926 2134 1
926 2136 2
926 2143 5
926 2144 3
926 2146 4
926 2149 3
926 2151 0
926 2152 0
926 2155 3
926 2156 5
926 2157 4
926 2160 5
926 2161 0
926 2163 2
926 2165 5
926 2166 0
926 2167 5
926 2169 0
926 2171 3
926 2172 0
926 2173 1
926 2175 1
926 2180 1
926 2185 0
926 2187 0
926 2189 5
926 2190 4
926 2193 5
926 2194 0
926 2195 3
926 2197 4
926 2202 2
926 2203 1
926 2204 3
926 2205 5
926 2206 2
926 2207 0
926 2208 1
926 2209 3
926 2214 2
926 2215 0
926 2216 1
926 2217 0
926 2220 0
926 2222 1
926 2224 1
926 2226 3
926 2227 1
926 2228 1
926 2230 2
926 2231 5
926 2233 3
926 2236 1
926 2237 1
926 2238 2
926 2239 3
926 2243 4
926 2253 5
926 2255 4
926 2257 4
926 2259 0
926 2261 0
926 2263 1
926 2266 1
926 2268 0
926 2269 2
926 2270 4
926 2271 2
926 2273 0
926 2276 2
926 2285 4
926 2290 4
926 2291 1
926 2293 2
926 2295 2
926 2297 0
926 2298 0
926 2299 4
926 2304 5
926 2305 4
926 2306 3
926 2307 3
926 2309 1
926 2316 3
926 2319 4
926 2321 3
926 2323 2
926 2325 1
926 2326 4
926 2327 2
926 2329 2
926 2330 1
926 2332 1
926 2333 4
926 2334 2
926 2336 2
926 2340 0
926 2342 0
926 2346 3
926 2347 0
926 2348 2
926 2349 0
926 2350 1
926 2351 0
926 2352 3
926 2353 5
926 2359 1
926 2362 3
926 2364 4
926 2368 5
926 2371 2
926 2372 1
926 2374 0
926 2375 3
926 2378 1
926 2382 0
926 2384 2
926 2385 3
926 2387 5
926 2388 4
926 2390 5
926 2394 3
926 2395 4
926 2396 3
926 2398 2
926 2399 1
926 2402 5
926 2403 0
926 2404 2
926 2405 1
926 2411 2
926 2416 3
926 2417 2
926 2419 4
926 2422 2
926 2423 0
926 2426 3
926 2427 2
926 2431 1
926 2432 4
926 2433 2
926 2434 2
926 2435 5
926 2440 3
926 2441 2
926 2442 1
926 2443 3
926 2445 5
926 2446 2
926 2449 2
926 2452 3
926 2453 5
926 2457 3
926 2460 3
926 2461 3
926 2464 2
926 2468 4
926 2471 0
926 2472 1
926 2478 1
926 2482 4
926 2484 2
926 2489 1
926 2491 3
926 2493 3
926 2494 1
926 2496 2
926 2499 0
926 2500 2
926 2501 3
926 2502 2
926 2503 4
926 2504 2
926 2506 3
926 2510 3
926 2512 3
926 2513 1
926 2519 2
926 2520 3
926 2524 5
926 2525 5
926 2528 1
926 2530 0
926 2532 3
926 2535 2
926 2537 2
926 2538 0
926 2543 4
926 2545 0
926 2546 1
926 2548 3
926 2549 5
926 2555 4
926 2556 4
926 2558 1
926 2559 2
926 2560 0
926 2561 1
926 2564 4
926 2569 3
926 2573 5
926 2575 3
926 2576 3
926 2579 3
926 2581 3
926 2584 5
926 2585 0
926 2587 3
926 2588 5
926 2589 3
926 2592 5
926 2593 4
926 2596 0
926 2597 0
926 2598 5
926 2602 1
926 2603 0
926 2604 2
926 2607 1
926 2608 1
926 2615 0
926 2616 2
926 2620 4
926 2622 5
926 2623 1
926 2626 2
926 2627 5
926 2629 2
926 2631 5
926 2632 1
926 2633 2
926 2636 0
926 2638 1
926 2640 2
926 2642 5
926 2643 2
926 2645 1
926 2646 0
926 2648 4
926 2652 3
926 2656 5
926 2657 5
926 2661 5
926 2664 0
926 2665 2
926 2666 4
926 2669 3
926 2670 1
926 2671 3
926 2672 1
926 2673 3
926 2677 0
926 2680 4
926 2681 3
926 2682 5
926 2685 0
926 2688 1
926 2696 1
926 2700 5
926 2702 5
926 2703 5
926 2705 1
926 2707 2
926 2709 4
926 2710 5
926 2715 0
926 2717 3
926 2720 3
926 2722 5
926 2723 5
926 2724 3
926 2725 5
926 2728 5
926 2729 0
926 2734 2
926 2736 1
926 2737 4
926 2739 5
926 2746 3
926 2748 0
926 2749 5
926 2754 0
926 2755 5
926 2756 0
926 2758 0
926 2761 0
926 2762 4
926 2764 2
926 2769 1
926 2770 0
926 2776 1
926 2779 5
926 2781 3
926 2784 3
926 2785 4
926 2787 1
926 2789 0
926 2790 1
926 2791 4
926 2793 2
926 2795 3
926 2797 2
926 2800 0
926 2801 2
926 2802 1
926 2803 5
926 2805 1
926 2806 5
926 2810 1
926 2812 1
926 2813 4
926 2819 3
926 2820 4
926 2821 3
926 2822 1
926 2825 2
926 2827 0
926 2831 0
926 2832 5
926 2833 4
926 2842 1
926 2845 5
926 2846 4
926 2847 2
926 2848 4
926 2854 4
926 2855 4
926 2856 0
926 2860 1
926 2862 4
926 2864 5
926 2865 5
926 2874 2
926 2875 3
926 2876 1
926 2877 2
926 2878 0
926 2882 5
926 2883 0
926 2887 5
926 2888 1
926 2891 5
926 2894 1
926 2901 3
926 2904 0
926 2905 5
926 2906 1
926 2916 4
926 2923 5
926 2924 4
926 2926 1
926 2929 1
926 2934 0
926 2938 1
926 2939 4
926 2940 4
926 2941 5
926 2944 4
926 2946 3
926 2948 3
926 2949 4
926 2950 4
926 2951 2
926 2954 3
926 2955 4
926 2957 3
926 2958 3
926 2962 4
926 2963 1
926 2967 0
926 2970 1
926 2971 5
926 2974 2
926 2976 3
926 2977 0
926 2979 4
926 2980 4
926 2983 5
926 2984 3
926 2986 4
926 2987 5
926 2989 2
926 2991 4
926 2994 3
926 3001 1
926 3002 1
926 3004 0
926 3008 0
926 3009 5
926 3013 1
926 3017 5
926 3018 2
926 3024 4
926 3027 3
926 3030 2
926 3032 3
926 3034 4
926 3038 3
926 3039 4
926 3041 3
926 3053 5
926 3056 3
926 3061 1
926 3063 3
926 3065 1
926 3067 2
926 3072 1
926 3075 0
926 3076 3
926 3077 3
926 3078 4
926 3080 4
926 3083 2
926 3087 0
926 3090 2
926 3091 1
926 3094 3
926 3095 5
926 3097 2
926 3100 0
926 3102 4
926 3103 0
926 3104 2
926 3105 4
926 3108 4
926 3111 5
926 3112 2
926 3113 2
926 3114 1
926 3115 5
926 3121 0
926 3122 5
926 3123 2
926 3124 3
926 3131 3
926 3136 1
926 3138 5
926 3139 3
926 3140 1
926 3141 2
926 3142 0
926 3143 5
926 3144 0
926 3148 5
926 3149 5
926 3152 0
926 3155 1
926 3157 3
926 3160 4
926 3165 2
926 3167 5
926 3174 1
926 3175 4
926 3176 4
926 3180 4
926 3181 2
926 3191 5
926 3192 0
926 3194 4
926 3195 4
926 3196 0
926 3199 1
926 3200 0
926 3201 1
926 3203 0
926 3210 3
926 3212 0
926 3216 5
926 3217 1
926 3221 4
926 3228 1
926 3231 1
926 3234 3
926 3237 1
926 3238 3
926 3240 5
926 3249 3
926 3250 5
926 3251 4
926 3252 5
926 3255 4
926 3257 0
926 3258 3
926 3260 4
926 3261 3
926 3262 1
926 3263 5
926 3268 0
926 3272 3
926 3274 2
926 3275 3
926 3278 5
926 3289 5
926 3292 3
926 3300 2
926 3301 4
926 3302 1
926 3304 3
926 3305 2
926 3308 3
926 3311 3
926 3317 3
926 3325 3
926 3327 4
926 3328 3
926 3336 1
926 3337 3
926 3338 0
926 3342 5
926 3346 4
926 3347 2
926 3353 3
926 3357 3
926 3358 0
926 3361 4
926 3363 2
926 3364 4
926 3370 2
926 3373 1
926 3374 1
926 3375 4
926 3376 3
926 3380 4
926 3382 5
926 3384 3
926 3389 3
926 3391 4
926 3395 1
926 3398 2
926 3405 3
926 3406 3
926 3410 0
926 3412 5
926 3413 0
926 3418 5
926 3424 3
926 3426 2
926 3432 4
926 3433 2
926 3436 3
926 3440 4
926 3441 4
926 3442 3
926 3443 2
926 3448 2
926 3449 0
926 3452 3
926 3453 4
926 3458 4
926 3460 3
926 3461 0
926 3463 2
926 3464 0
926 3465 1
926 3467 0
926 3470 4
926 3473 4
926 3474 4
926 3475 0
926 3485 0
926 3486 2
926 3489 1
926 3492 2
926 3495 0
926 3499 4
926 3501 4
926 3502 3
926 3504 5
926 3505 4
926 3508 2
926 3510 4
926 3515 3
926 3517 4
926 3520 2
926 3524 4
926 3525 1
926 3527 5
926 3530 2
926 3533 3
926 3540 5
926 3543 4
926 3546 1
926 3548 0
926 3552 1
926 3557 2
926 3558 5
926 3559 5
926 3560 3
926 3564 5
926 3565 2
926 3566 1
926 3570 0
926 3571 4
926 3572 4
926 3573 4
926 3576 3
926 3579 1
926 3580 1
926 3581 0
926 3582 3
926 3583 3
926 3588 1
926 3589 0
926 3594 5
926 3601 1
926 3602 0
926 3604 5
926 3607 1
926 3608 2
926 3610 0
926 3611 5
926 3618 1
926 3619 0
926 3621 0
926 3623 1
926 3629 4
926 3630 3
926 3632 5
926 3634 4
926 3635 4
926 3643 2
926 3646 5
926 3648 2
926 3649 0
926 3650 4
926 3661 5
926 3662 4
926 3665 0
926 3669 3
926 3670 3
926 3673 1
926 3677 0
926 3685 3
926 3686 0
926 3687 0
926 3690 1
926 3691 5
926 3693 1
926 3696 5
926 3701 2
926 3702 4
926 3704 1
926 3705 0
926 3706 2
926 3707 2
926 3708 1
926 3710 0
926 3720 4
926 3721 5
926 3723 0
926 3724 4
926 3725 1
926 3726 0
926 3729 5
926 3731 4
926 3732 4
926 3734 3
926 3738 5
926 3743 2
926 3744 0
926 3752 0
926 3753 3
926 3757 3
926 3761 0
926 3764 3
926 3773 1
926 3775 2
926 3779 3
926 3780 3
926 3783 3
926 3787 1
926 3792 2
926 3793 0
926 3797 5
926 3798 3
926 3800 2
926 3801 3
926 3802 2
926 3804 5
926 3805 3
926 3808 1
926 3809 0
926 3810 1
926 3819 3
926 3827 4
926 3828 4
926 3831 5
926 3835 4
926 3837 4
926 3838 4
926 3844 1
926 3847 0
926 3854 5
926 3858 4
926 3859 1
926 3864 1
926 3865 0
926 3866 1
926 3868 5
926 3870 3
926 3871 1
926 3874 1
926 3885 5
926 3887 4
926 3889 4
926 3893 1
926 3894 1
926 3901 1
926 3905 1
926 3907 3
926 3909 1
926 3910 0
926 3911 1
926 3914 3
926 3915 4
926 3917 4
926 3921 2
926 3932 4
926 3933 3
926 3936 4
926 3937 4
926 3941 2
926 3944 1
926 3946 1
926 3949 0
926 3952 5
926 3953 4
926 3954 4
926 3956 0
926 3957 0
926 3959 2
926 3961 3
926 3962 2
926 3964 4
926 3965 0
926 3971 2
926 3974 2
926 3982 5
926 3988 2
926 3990 3
926 3997 0
926 3999 1
926 4000 1
926 4001 2
926 4006 4
926 4007 5
926 4008 3
926 4010 1
926 4020 5
926 4022 3
926 4023 2
926 4030 1
926 4031 3
926 4032 3
926 4033 4
926 4034 1
926 4035 2
926 4039 5
926 4041 4
926 4044 0
926 4051 2
926 4056 5
926 4057 4
926 4059 5
926 4060 5
926 4066 1
926 4067 3
926 4070 1
926 4077 5
926 4078 5
926 4085 4
926 4087 0
926 4089 1
926 4091 5
926 4092 4
926 4093 3
926 4096 4
926 4099 0
926 4102 1
926 4103 3
926 4104 3
926 4105 4
926 4108 2
926 4109 4
926 4111 3
926 4115 0
926 4117 1
926 4118 2
926 4119 5
926 4121 5
926 4122 3
926 4124 0
926 4127 0
926 4129 5
926 4132 5
926 4134 2
926 4135 4
926 4137 4
926 4142 2
926 4147 1
926 4150 2
926 4154 1
926 4155 0
926 4157 0
926 4158 0
926 4161 4
926 4165 4
926 4168 3
926 4170 4
926 4172 4
926 4174 5
926 4178 5
926 4179 0
926 4182 0
926 4192 4
926 4193 4
926 4195 1
926 4201 1
926 4204 3
926 4206 4
926 4207 5
926 4208 2
926 4214 4
926 4215 1
926 4217 1
926 4218 1
926 4219 3
926 4221 1
926 4225 1
926 4231 3
926 4233 0
926 4234 0
926 4237 3
926 4241 2
926 4245 2
926 4248 4
926 4249 3
926 4250 1
926 4252 0
926 4259 4
926 4261 3
926 4262 1
926 4264 2
926 4269 1
926 4278 5
926 4281 3
926 4284 1
926 4289 3
926 4290 0
926 4291 1
926 4293 2
926 4294 2
926 4298 3
926 4301 3
926 4305 0
926 4306 1
926 4312 2
926 4315 2
926 4317 1
926 4318 0
926 4322 2
926 4323 2
926 4324 4
926 4325 1
926 4329 4
926 4333 1
926 4334 1
926 4337 4
926 4338 5
926 4340 4
926 4341 3
926 4346 0
926 4355 0
926 4363 1
926 4364 3
926 4366 4
926 4369 4
926 4373 1
926 4376 2
926 4380 0
926 4385 4
926 4386 0
926 4388 3
926 4390 2
926 4391 4
926 4392 1
926 4394 2
926 4397 3
926 4401 2
926 4402 3
926 4403 2
926 4406 0
926 4407 1
926 4411 5
926 4417 3
926 4420 0
926 4424 2
926 4425 5
926 4426 2
926 4427 2
926 4428 4
926 4435 4
926 4437 1
926 4439 2
926 4441 2
926 4445 2
926 4446 5
926 4450 1
926 4457 0
926 4464 0
926 4471 3
926 4477 5
926 4481 1
926 4485 2
926 4487 3
926 4489 5
926 4491 4
926 4497 3
926 4498 0
926 4500 3
926 4502 4
926 4509 0
926 4515 4
926 4517 0
926 4521 0
926 4524 0
926 4525 3
926 4532 5
926 4539 4
926 4543 4
926 4544 2
926 4546 4
926 4547 5
926 4548 4
926 4551 4
926 4554 2
926 4559 4
926 4562 2
926 4565 5
926 4567 3
926 4568 3
926 4569 2
926 4573 1
926 4574 1
926 4579 3
926 4590 4
926 4591 3
926 4593 0
926 4595 3
926 4597 1
926 4599 5
926 4600 4
926 4608 4
926 4609 5
926 4611 5
926 4613 1
926 4614 5
926 4619 1
926 4625 1
926 4628 5
926 4629 2
926 4631 2
926 4632 3
926 4640 3
926 4644 2
926 4647 3
926 4648 3
926 4649 1
926 4650 5
926 4652 0
926 4655 2
926 4656 4
926 4660 1
926 4662 2
926 4667 2
926 4676 0
926 4677 4
926 4678 2
926 4679 0
926 4683 0
926 4684 1
926 4687 2
926 4688 5
926 4693 5
926 4701 1
926 4702 5
926 4707 1
926 4714 5
926 4716 3
926 4726 1
926 4729 4
926 4730 2
926 4737 1
926 4740 2
926 4746 0
926 4747 2
926 4748 0
926 4749 3
926 4750 0
926 4753 3
926 4756 4
926 4758 1
926 4759 0
926 4760 1
926 4763 5
926 4766 1
926 4767 2
926 4769 2
926 4772 3
926 4778 5
926 4780 1
926 4786 5
926 4791 3
926 4792 2
926 4797 4
926 4798 4
926 4799 4
926 4801 5
926 4809 3
926 4812 3
926 4815 1
926 4819 2
926 4820 4
926 4827 3
926 4828 2
926 4829 4
926 4830 0
926 4831 1
926 4832 2
926 4833 1
926 4836 4
926 4838 2
926 4839 3
926 4842 4
926 4848 5
926 4850 5
926 4851 5
926 4860 5
926 4861 1
926 4867 4
926 4869 1
926 4873 0
926 4878 2
926 4879 0
926 4880 5
926 4881 3
926 4883 1
926 4884 5
926 4887 4
926 4890 4
926 4891 2
926 4893 0
926 4903 2
926 4904 3
926 4905 3
926 4906 0
926 4907 5
926 4912 5
926 4913 0
926 4914 1
926 4915 2
926 4918 1
926 4919 0
926 4921 5
926 4924 4
926 4927 4
926 4931 0
926 4937 1
926 4938 0
926 4939 4
926 4940 3
926 4950 2
926 4956 0
926 4961 2
926 4966 5
926 4968 4
926 4973 3
926 4974 1
926 4977 3
926 4978 1
926 4979 3
926 4981 2
926 4982 4
926 4984 2
926 4987 3
926 5002 5
926 5005 0
926 5007 1
926 5008 5
926 5009 1
926 5011 5
926 5012 4
926 5016 5
926 5020 5
926 5021 4
926 5022 0
926 5023 0
926 5026 1
926 5029 2
926 5037 2
926 5039 4
926 5040 4
926 5043 2
926 5044 5
926 5053 4
926 5058 0
926 5063 3
926 5064 0
926 5066 0
926 5075 1
926 5076 5
926 5081 3
926 5087 2
926 5089 1
926 5090 3
926 5092 0
926 5093 5
926 5095 4
926 5096 1
926 5098 3
926 5104 1
926 5105 1
926 5109 1
926 5110 2
926 5112 3
926 5120 0
926 5121 2
926 5124 0
926 5132 2
926 5138 4
926 5140 5
926 5143 2
926 5145 0
926 5146 5
926 5150 5
926 5155 3
926 5157 0
926 5167 5
926 5177 1
926 5179 5
926 5187 2
926 5189 3
926 5191 2
926 5194 4
926 5196 1
926 5200 2
926 5203 2
926 5206 0
926 5208 0
926 5213 1
926 5221 2
926 5222 5
926 5237 1
926 5238 0
926 5240 3
926 5242 5
926 5246 3
926 5250 0
926 5252 3
926 5255 2
926 5258 2
926 5263 1
926 5270 1
926 5271 3
926 5272 4
926 5276 3
926 5285 0
926 5292 5
926 5299 4
926 5301 2
926 5309 3
926 5313 4
926 5317 3
926 5320 5
926 5321 4
926 5325 5
926 5326 3
926 5330 3
926 5332 1
926 5334 1
926 5335 0
926 5342 4
926 5344 5
926 5345 2
926 5348 5
926 5359 4
926 5360 5
926 5372 0
926 5375 3
926 5379 2
926 5381 4
926 5387 1
926 5391 5
926 5392 5
926 5393 2
926 5394 5
926 5396 0
926 5397 0
926 5403 1
926 5406 4
926 5407 3
926 5410 2
926 5413 1
926 5415 5
926 5420 0
926 5436 2
926 5442 0
926 5444 2
926 5445 2
926 5449 0
926 5450 0
926 5452 4
926 5453 4
926 5455 1
926 5469 2
926 5473 3
926 5480 2
926 5484 0
926 5493 4
926 5494 3
926 5495 4
926 5499 5
926 5505 5
926 5506 4
926 5508 1
926 5512 5
926 5513 4
926 5514 4
926 5515 5
926 5517 1
926 5522 5
926 5525 5
926 5529 1
926 5530 5
926 5531 5
926 5532 2
926 5535 3
926 5536 1
926 5538 3
926 5546 5
926 5549 5
926 5551 2
926 5552 5
926 5560 0
926 5566 1
926 5571 2
926 5575 5
926 5581 4
926 5586 0
926 5589 0
926 5590 0
926 5598 2
926 5602 2
926 5610 0
926 5612 3
926 5616 2
926 5619 0
926 5622 0
926 5623 3
926 5628 4
926 5632 0
926 5635 4
926 5637 2
926 5639 5
926 5642 1
926 5651 1
926 5655 5
926 5664 5
926 5678 2
926 5685 2
926 5694 1
926 5700 1
926 5705 1
926 5709 5
926 5710 5
926 5711 4
926 5719 0
926 5724 2
926 5727 4
926 5729 2
926 5736 3
926 5747 4
926 5754 4
926 5756 0
926 5759 4
926 5762 3
926 5763 0
926 5766 5
926 5770 3
926 5774 5
926 5777 1
926 5786 5
926 5787 0
926 5789 3
926 5794 5
926 5798 1
926 5800 1
926 5803 5
926 5811 4
926 5817 0
926 5818 2
926 5820 0
926 5824 2
926 5825 1
926 5831 1
926 5835 4
926 5845 5
926 5853 2
926 5854 2
926 5858 0
926 5861 2
926 5864 5
926 5880 2
926 5882 5
926 5886 2
926 5898 3
926 5900 3
926 5906 0
926 5914 3
926 5916 2
926 5919 4
926 5920 1
926 5925 3
926 5928 3
926 5930 0
926 5937 4
926 5940 4
926 5950 0
926 5951 0
926 5960 3
926 5963 0
926 5967 4
926 5972 4
926 5976 3
926 5982 5
926 5983 5
926 5984 3
926 5987 0
926 6000 5
926 6001 2
926 6002 0
926 6003 5
926 6005 5
926 6013 4
926 6020 4
926 6025 2
926 6030 2
926 6033 2
926 6039 5
926 6041 0
926 6042 1
926 6043 2
926 6049 1
926 6051 5
926 6052 1
926 6069 0
926 6071 2
926 6073 4
926 6076 1
926 6077 4
926 6091 1
926 6101 1
926 6110 0
926 6112 1
926 6119 5
926 6140 1
926 6142 0
926 6145 4
926 6148 2
926 6152 1
926 6153 5
926 6164 1
926 6169 3
926 6171 4
926 6178 5
926 6185 2
926 6187 0
926 6193 3
926 6194 5
926 6200 4
926 6202 3
926 6206 1
926 6208 3
926 6210 1
926 6213 0
926 6225 5
926 6228 4
926 6230 3
926 6238 0
926 6244 0
926 6248 0
926 6249 1
926 6250 1
926 6253 2
926 6257 4
926 6262 5
926 6273 4
926 6282 5
926 6285 0
926 6286 2
926 6290 2
926 6296 1
926 6298 4
926 6306 2
926 6311 1
926 6322 5
926 6331 3
926 6332 3
926 6334 3
926 6339 0
926 6344 2
926 6358 5
926 6360 1
926 6361 1
926 6362 3
926 6364 2
926 6365 3
926 6371 2
926 6377 3
926 6383 0
926 6385 1
926 6389 3
926 6394 4
926 6404 1
926 6407 0
926 6415 5
926 6420 0
926 6429 4
926 6437 2
926 6449 5
926 6461 3
926 6462 5
926 6463 2
926 6471 3
926 6476 4
926 6480 4
926 6482 5
926 6488 0
926 6489 3
926 6491 4
926 6493 5
926 6495 3
926 6503 3
926 6505 5
926 6508 5
926 6511 1
926 6513 5
926 6514 0
926 6516 1
926 6518 1
926 6523 0
926 6524 3
926 6543 4
926 6548 3
926 6558 3
926 6565 1
926 6566 2
926 6581 4
926 6592 0
926 6594 0
926 6597 5
926 6598 3
926 6607 1
926 6613 4
926 6614 1
926 6616 5
926 6621 4
926 6622 3
926 6623 0
926 6625 0
926 6627 2
926 6633 4
926 6641 0
926 6648 2
926 6649 5
926 6653 0
926 6660 0
926 6661 3
926 6664 0
926 6670 4
926 6677 5
926 6690 5
926 6691 0
926 6696 3
926 6700 3
926 6703 0
926 6706 2
926 6708 4
926 6718 5
926 6720 5
926 6724 3
926 6733 5
926 6735 0
926 6739 4
926 6742 2
926 6743 4
926 6752 3
926 6754 2
926 6756 1
926 6760 5
926 6762 1
926 6766 4
926 6769 2
926 6771 0
926 6776 5
926 6782 1
926 6783 4
926 6785 1
926 6797 5
926 6804 3
926 6811 2
926 6813 1
926 6814 3
926 6815 0
926 6820 2
926 6826 3
926 6829 5
926 6830 3
926 6831 4
926 6835 4
926 6838 3
926 6839 1
926 6841 2
926 6842 5
926 6846 3
926 6848 5
926 6850 0
926 6851 1
926 6856 3
926 6860 0
926 6862 1
926 6863 4
926 6871 5
926 6884 2
926 6888 4
926 6909 3
926 6918 5
926 6921 4
926 6925 3
926 6932 4
926 6935 4
926 6945 1
926 6948 0
926 6951 5
926 6955 5
926 6956 4
926 6962 5
926 6977 3
926 7002 1
926 7011 5
926 7020 1
926 7025 3
926 7026 1
926 7030 2
926 7036 3
926 7038 0
926 7046 5
926 7049 1
926 7056 2
926 7057 1
926 7063 4
926 7064 3
926 7065 3
926 7067 4
926 7074 2
926 7077 3
926 7085 1
926 7086 5
926 7088 1
926 7093 2
926 7096 3
926 7099 0
926 7110 4
926 7111 4
926 7112 5
926 7115 0
926 7119 4
926 7121 1
926 7124 5
926 7125 3
926 7126 0
926 7128 2
926 7133 0
926 7146 1
926 7151 1
926 7156 2
926 7157 0
926 7158 2
926 7162 4
926 7165 4
926 7170 2
926 7180 5
926 7188 2
926 7189 5
926 7191 1
926 7197 3
926 7199 4
926 7200 4
926 7216 0
926 7227 4
926 7230 1
926 7232 0
926 7239 4
926 7242 0
926 7253 2
926 7255 3
926 7265 1
926 7268 4
926 7277 5
926 7278 0
926 7282 1
926 7285 2
926 7288 0
926 7289 0
926 7297 2
926 7310 2
926 7313 0
926 7314 4
926 7320 0
926 7337 0
926 7347 1
926 7350 1
926 7357 3
926 7363 1
926 7367 4
926 7373 3
926 7379 4
926 7387 4
926 7399 3
926 7400 2
926 7416 3
926 7421 2
926 7428 2
926 7433 3
926 7441 2
926 7443 2
926 7450 0
926 7454 4
926 7456 5
926 7461 0
926 7472 4
926 7473 0
926 7481 5
926 7484 5
926 7485 5
926 7487 3
926 7489 4
926 7496 3
926 7499 0
926 7501 4
926 7505 5
926 7527 3
926 7533 3
926 7540 3
926 7551 2
926 7554 2
926 7568 1
926 7579 5
926 7591 4
926 7593 1
926 7610 1
926 7614 0
926 7615 0
926 7618 1
926 7623 0
926 7624 4
926 7636 3
926 7650 4
926 7656 5
926 7660 2
926 7665 0
926 7671 4
926 7672 0
926 7674 2
926 7678 1
926 7681 5
926 7685 4
926 7689 5
926 7690 5
926 7692 3
926 7695 5
926 7697 3
926 7698 2
926 7702 1
926 7710 4
926 7717 2
926 7718 5
926 7719 2
926 7720 5
926 7721 2
926 7722 2
926 7728 4
926 7732 5
926 7735 0
926 7737 2
926 7738 5
926 7760 1
926 7761 5
926 7767 3
926 7769 0
926 7772 4
926 7775 2
926 7781 2
926 7787 3
926 7790 4
926 7792 4
926 7801 2
926 7803 0
926 7804 5
926 7807 2
926 7809 2
926 7825 4
926 7832 0
926 7833 3
926 7847 4
926 7849 4
926 7858 4
926 7873 2
926 7876 5
926 7878 1
926 7884 5
926 7887 4
926 7889 2
926 7891 0
926 7899 4
926 7902 4
926 7919 4
926 7922 1
926 7930 3
926 7931 1
926 7932 3
926 7934 0
926 7940 4
926 7950 1
926 7955 2
926 7957 5
926 7959 5
926 7961 5
926 7965 1
926 7971 2
926 7981 4
926 7990 2
926 7993 5
926 7994 1
926 8000 3
926 8011 5
926 8016 2
926 8029 4
926 8034 0
926 8048 0
926 8053 3
926 8074 2
926 8075 0
926 8076 0
926 8077 3
926 8101 3
926 8103 4
926 8105 3
926 8120 0
926 8121 4
926 8129 5
926 8134 0
926 8139 0
926 8140 3
926 8143 3
926 8149 1
926 8159 3
926 8164 1
926 8166 5
926 8167 2
926 8174 2
926 8177 2
926 8178 3
926 8185 4
926 8192 4
926 8193 4
926 8217 2
926 8224 5
926 8228 3
926 8235 4
926 8244 4
926 8248 4
926 8256 1
926 8260 2
926 8261 0
926 8263 4
926 8278 2
926 8286 0
926 8287 3
926 8288 1
926 8305 0
926 8308 2
926 8313 0
926 8320 3
926 8327 2
926 8328 2
926 8331 4
926 8343 4
926 8350 1
926 8355 4
926 8357 1
926 8361 5
926 8366 2
926 8368 1
926 8381 2
926 8394 3
926 8395 2
926 8397 2
926 8402 4
926 8417 0
926 8422 1
926 8423 4
926 8427 5
926 8431 3
926 8438 3
926 8441 4
926 8453 3
926 8456 0
926 8459 2
926 8464 3
926 8468 0
926 8472 5
926 8474 1
926 8475 1
926 8477 1
926 8484 1
926 8485 4
926 8487 1
926 8492 5
926 8519 5
926 8520 4
926 8544 2
926 8549 2
926 8569 1
926 8571 3
926 8572 0
926 8582 1
926 8590 1
926 8595 5
926 8600 5
926 8612 3
926 8632 3
926 8633 5
926 8637 1
926 8640 1
926 8650 2
926 8653 5
926 8674 1
926 8681 3
926 8691 3
926 8701 2
926 8703 2
926 8723 4
926 8728 0
926 8737 2
926 8739 4
926 8743 3
926 8750 4
926 8755 5
926 8764 4
926 8785 1
926 8792 2
926 8798 0
926 8804 3
926 8809 4
926 8816 3
926 8817 0
926 8821 3
926 8822 0
926 8830 5
926 8831 1
926 8834 0
926 8846 4
926 8848 0
926 8854 2
926 8864 2
926 8874 4
926 8875 2
926 8895 1
926 8896 2
926 8917 1
926 8922 1
926 8931 4
926 8941 4
926 8944 4
926 8945 1
926 8946 2
926 8948 1
926 8954 0
926 8957 4
926 8966 2
926 8972 5
926 8979 5
926 8980 3
926 8981 3
926 8993 4
926 8997 3
926 9021 0
926 9051 5
926 9058 0
926 9059 5
926 9074 4
926 9083 0
926 9086 3
926 9097 3
926 9110 4
926 9118 1
926 9126 4
926 9131 1
926 9134 0
926 9135 3
926 9137 3
926 9149 3
926 9170 4
926 9173 4
926 9181 1
926 9188 0
926 9194 1
926 9202 1
926 9205 4
926 9206 5
926 9215 5
926 9226 2
926 9257 3
926 9271 5
926 9276 0
926 9279 1
926 9281 0
926 9282 3
926 9293 0
926 9296 0
926 9309 1
926 9335 0
926 9349 3
926 9372 1
926 9375 5
926 9379 4
926 9381 0
926 9385 2
926 9394 4
926 9404 0
926 9405 5
926 9421 1
926 9425 0
926 9436 5
926 9440 2
926 9450 3
926 9460 0
926 9466 4
926 9481 0
926 9496 5
926 9499 4
926 9519 4
926 9526 4
926 9550 0
926 9552 0
926 9568 5
926 9570 1
926 9573 4
926 9579 0
926 9603 1
926 9606 3
926 9609 4
926 9637 4
926 9657 0
926 9682 1
926 9694 2
926 9704 4
926 9711 2
926 9712 3
926 9714 0
926 9721 0
926 9732 4
926 9753 0
926 9762 4
926 9815 4
926 9841 3
926 9844 0
926 9846 5
926 9871 0
926 9892 0
926 9901 1
926 9906 2
926 9913 1
926 9925 1
926 9928 2
926 9932 3
926 9945 3
926 9950 4
926 9965 1
926 9967 1
926 9973 5
926 9977 1
926 9978 5
926 9980 4
926 9985 0
926 9986 3
926 9995 3
926 9996 2
926 10001 4
926 10007 1
926 10015 2
926 10016 1
926 10017 4
926 10050 3
926 10052 3
926 10063 3
926 10088 4
926 10100 0
926 10105 0
926 10107 0
926 10130 4
926 10145 3
926 10147 1
926 10152 0
926 10169 3
926 10181 3
926 10196 0
926 10201 3
926 10203 2
926 10232 0
926 10248 5
926 10255 0
926 10262 4
926 10278 3
926 10288 2
926 10308 1
926 10319 1
926 10323 3
926 10331 4
926 10341 4
926 10346 0
926 10355 2
926 10371 3
926 10375 0
926 10411 0
926 10414 0
926 10428 1
926 10447 0
926 10459 3
926 10472 2
926 10474 3
926 10495 0
926 10496 3
926 10503 0
926 10504 1
926 10509 0
926 10520 5
926 10521 4
926 10524 5
926 10533 3
926 10550 0
926 10557 5
926 10558 0
926 10573 2
926 10578 0
926 10592 1
926 10657 1
926 10679 3
926 10683 2
926 10690 0
926 10692 1
926 10694 2
926 10732 4
926 10737 1
926 10741 3
926 10761 2
926 10778 1
926 10782 3
926 10789 1
926 10791 4
926 10798 3
926 10810 1
926 10815 0
926 10823 0
926 10836 5
926 10849 1
926 10858 4
926 10866 1
926 10945 3
926 10946 5
926 10953 4
926 10972 0
926 10983 3
926 10986 1
926 10996 2
926 11010 2
926 11024 4
926 11035 3
926 11037 2
926 11047 4
926 11051 5
926 11071 1
926 11081 0
926 11090 2
926 11124 5
926 11126 4
926 11129 2
926 11136 5
926 11160 0
926 11164 4
926 11170 1
926 11173 1
926 11183 0
926 11201 4
926 11203 1
926 11204 0
926 11217 0
926 11222 0
926 11248 1
926 11253 3
926 11283 2
926 11292 1
926 11303 5
926 11316 1
926 11321 0
926 11346 2
926 11355 5
926 11364 3
926 11366 0
926 11382 1
926 11392 1
926 11417 2
926 11430 5
926 11455 0
926 11497 4
926 11512 4
926 11533 1
926 11559 0
926 11561 3
926 11587 3
926 11595 2
926 11597 0
926 11604 1
926 11617 5
926 11621 4
926 11638 1
926 11642 2
926 11648 1
926 11662 0
926 11672 0
926 11683 0
926 11690 0
926 11691 3
926 11693 3
926 11718 0
926 11724 4
926 11726 1
926 11734 0
926 11764 0
926 11765 1
926 11775 2
926 11776 4
926 11778 3
926 11786 4
926 11787 4
926 11790 1
926 11797 3
926 11821 5
926 11824 3
926 11825 0
926 11827 1
926 11837 1
926 11859 3
926 11869 2
926 11871 2
926 11875 2
926 11880 0
926 11881 5
926 11888 4
926 11894 0
926 11899 4
926 11913 3
926 11928 4
926 11934 0
926 11935 3
926 11993 1
926 11999 5
926 12004 5
926 12019 5
926 12041 0
926 12043 4
926 12048 0
926 12058 5
926 12067 0
926 12078 3
926 12088 0
926 12101 3
926 12165 1
926 12190 5
926 12224 0
926 12286 3
926 12297 2
926 12316 3
926 12317 0
926 12338 4
926 12343 5
926 12372 3
926 12381 5
926 12415 5
926 12481 3
926 12489 2
926 12493 5
926 12499 3
926 12544 1
926 12545 2
926 12568 1
926 12586 3
926 12601 1
926 12608 3
926 12619 0
926 12624 3
926 12628 3
926 12662 0
926 12667 4
926 12698 5
926 12730 1
926 12761 3
926 12765 5
926 12789 4
926 12793 5
926 12802 4
926 12803 0
926 12810 0
926 12819 2
926 12822 5
926 12827 4
926 12837 2
926 12847 5
926 12890 0
926 12891 0
926 12920 2
926 12927 0
926 12961 2
926 12978 0
926 13003 1
926 13017 4
926 13024 5
926 13041 0
926 13053 1
926 13092 4
926 13101 2
926 13113 2
926 13121 3
926 13130 0
926 13157 0
926 13162 0
926 13196 5
926 13203 5
926 13207 2
926 13208 4
926 13216 1
926 13227 2
926 13244 5
926 13260 0
926 13274 4
926 13283 5
926 13301 3
926 13309 3
926 13325 4
926 13339 1
926 13379 4
926 13400 2
926 13405 5
926 13419 4
926 13457 0
926 13485 5
926 13508 2
926 13510 0
926 13534 4
926 13546 2
926 13550 1
926 13561 1
926 13566 0
926 13578 1
926 13592 5
926 13603 1
926 13657 0
926 13684 3
926 13689 5
926 13693 1
926 13697 1
926 13698 4
926 13704 2
926 13719 2
926 13733 5
926 13743 5
926 13747 2
926 13758 2
926 13772 4
926 13786 2
926 13798 2
926 13799 2
926 13814 5
926 13838 4
926 13866 3
926 13874 2
926 13889 1
926 13917 2
926 13935 3
926 13949 0
926 13958 4
926 14028 0
926 14035 3
926 14056 4
926 14059 3
926 14090 4
926 14105 1
926 14113 5
926 14131 3
926 14169 1
926 14194 0
926 14202 3
926 14208 2
926 14210 1
926 14213 3
926 14218 5
926 14228 3
926 14240 3
926 14301 0
926 14308 1
926 14310 2
926 14335 4
926 14357 4
926 14366 1
926 14369 0
926 14382 0
926 14385 1
926 14397 2
926 14438 1
926 14441 1
926 14484 4
926 14489 0
926 14527 3
926 14540 4
926 14581 3
926 14583 2
926 14600 3
926 14623 3
926 14630 3
926 14663 1
926 14692 2
926 14730 1
926 14733 3
926 14745 0
926 14792 1
926 14800 1
926 14838 1
926 14844 2
926 14927 5
926 14936 2
926 14964 5
926 14989 5
926 15015 3
926 15036 4
926 15075 5
926 15077 4
926 15105 4
926 15117 5
926 15129 4
926 15140 3
926 15170 4
926 15171 5
926 15189 5
926 15193 1
926 15227 5
926 15241 3
926 15244 4
926 15251 5
926 15291 5
926 15343 3
926 15346 0
926 15376 3
926 15406 1
926 15426 5
926 15456 3
926 15482 5
926 15511 0
926 15542 0
926 15622 3
926 15628 5
926 15637 4
926 15656 0
926 15679 2
926 15719 3
926 15720 5
926 15726 0
926 15746 2
926 15747 2
926 15752 4
926 15756 3
926 15827 4
926 15868 2
926 15878 2
926 15898 3
926 15947 0
926 15970 5
926 16031 2
926 16067 2
926 16094 1
926 16096 5
926 16105 0
926 16122 5
926 16146 2
926 16157 5
926 16224 3
926 16253 5
926 16290 5
926 16368 4
926 16389 3
926 16394 0
926 16405 4
926 16428 1
926 16468 1
926 16481 2
926 16493 1
926 16514 5
926 16597 4
926 16706 3
926 16728 2
926 16747 1
926 16766 4
926 16786 2
926 16795 5
926 16873 1
926 16918 3
926 16937 3
926 16960 2
926 17075 2
926 17253 1
926 17340 1
926 17393 5
1053 0 5
1053 1 3
1053 2 1
1053 3 5
1053 4 4
1053 5 3
1053 6 4
1053 7 4
1053 8 2
1053 9 4
1053 10 3
1053 11 3
1053 12 0
1053 13 4
1053 14 1
1053 15 5
1053 16 1
1053 17 1
1053 18 2
1053 19 2
1053 20 4
1053 21 0
1053 22 4
1053 23 0
1053 24 0
1053 25 2
1053 26 5
1053 27 1
1053 28 3
1053 29 0
1053 30 5
1053 31 1
1053 32 1
1053 33 0
1053 34 1
1053 35 1
1053 36 0
1053 37 2
1053 38 4
1053 39 1
1053 40 5
1053 41 3
1053 42 1
1053 43 1
1053 44 2
1053 45 0
1053 47 5
1053 48 2
1053 49 1
1053 50 1
1053 51 3
1053 52 4
1053 53 1
1053 54 0
1053 55 3
1053 56 3
1053 57 5
1053 58 5
1053 59 0
1053 60 3
1053 61 2
1053 62 1
1053 63 4
1053 64 4
1053 65 4
1053 66 2
1053 67 2
1053 68 2
1053 69 5
1053 70 5
1053 71 3
1053 72 0
1053 73 5
1053 74 1
1053 75 3
1053 76 4
1053 77 2
1053 78 2
1053 80 4
1053 81 1
1053 82 5
1053 83 2
1053 84 5
1053 85 1
1053 86 3
1053 87 4
1053 88 1
1053 89 3
1053 90 5
1053 91 0
1053 92 5
1053 93 4
1053 95 5
1053 96 0
1053 97 2
1053 98 4
1053 100 2
1053 101 4
1053 102 2
1053 103 4
1053 104 0
1053 105 1
1053 106 0
1053 107 4
1053 108 1
1053 109 3
1053 110 2
1053 111 3
1053 112 1
1053 113 0
1053 114 5
1053 115 5
1053 116 2
1053 117 5
1053 118 3
1053 119 2
1053 120 5
1053 121 3
1053 122 4
1053 123 2
1053 126 3
1053 127 4
1053 128 3
1053 129 4
1053 130 2
1053 131 0
1053 132 1
1053 133 1
1053 134 5
1053 135 2
1053 136 5
1053 138 2
1053 139 1
1053 140 0
1053 142 0
1053 143 1
1053 144 2
1053 145 5
1053 146 2
1053 147 5
1053 148 5
1053 149 4
1053 150 3
1053 151 1
1053 152 5
1053 153 3
1053 154 5
1053 155 5
1053 157 2
1053 158 1
1053 159 5
1053 160 1
1053 162 4
1053 163 0
1053 164 5
1053 165 2
1053 166 1
1053 167 0
1053 168 5
1053 169 1
1053 170 4
1053 171 1
1053 172 5
1053 173 1
1053 174 0
1053 175 4
1053 176 2
1053 177 1
1053 178 0
1053 179 1
1053 180 1
1053 181 2
1053 182 1
1053 183 3
1053 184 4
1053 185 2
1053 187 5
1053 189 0
1053 190 3
1053 191 2
1053 192 2
1053 193 5
1053 194 1
1053 195 1
1053 196 0
1053 197 0
1053 198 4
1053 199 1
1053 200 0
1053 202 5
1053 203 3
1053 204 1
1053 205 3
1053 206 5
1053 207 5
1053 208 5
1053 209 5
1053 210 4
1053 211 2
1053 212 4
1053 213 3
1053 214 4
1053 215 1
1053 216 1
1053 217 0
1053 218 5
1053 219 0
1053 220 5
1053 221 0
1053 222 4
1053 223 1
1053 224 5
1053 225 3
1053 226 5
1053 227 1
1053 228 2
1053 229 1
1053 230 4
1053 231 1
1053 233 2
1053 234 1
1053 235 3
1053 236 1
1053 237 1
1053 238 4
1053 239 1
1053 240 5
1053 241 0
1053 242 4
1053 243 5
1053 244 5
1053 245 3
1053 246 1
1053 247 4
1053 248 5
1053 249 1
1053 250 0
1053 251 0
1053 252 1
1053 253 1
1053 255 4
1053 257 0
1053 258 2
1053 259 4
1053 260 3
1053 261 1
1053 263 4
1053 264 0
1053 265 4
1053 266 1
1053 267 2
1053 268 3
1053 269 4
1053 270 3
1053 271 5
1053 272 3
1053 273 2
1053 274 2
1053 275 0
1053 276 2
1053 278 1
1053 279 4
1053 282 3
1053 283 0
1053 284 3
1053 285 2
1053 286 5
1053 287 5
1053 288 3
1053 289 1
1053 290 2
1053 291 5
1053 292 0
1053 293 4
1053 294 4
1053 295 2
1053 296 5
1053 297 3
1053 298 4
1053 299 1
1053 300 1
1053 301 0
1053 302 4
1053 303 5
1053 304 5
1053 305 0
1053 306 5
1053 307 0
1053 308 1
1053 309 5
1053 310 1
1053 311 2
1053 312 3
1053 313 0
1053 315 2
1053 316 2
1053 317 2
1053 318 3
1053 319 4
1053 320 1
1053 321 3
1053 322 2
1053 323 4
1053 324 3
1053 325 2
1053 326 4
1053 327 4
1053 328 1
1053 329 5
1053 330 0
1053 331 2
1053 332 5
1053 333 1
1053 334 4
1053 335 4
1053 336 2
1053 338 1
1053 339 5
1053 340 3
1053 341 2
1053 342 0
1053 343 1
1053 344 3
1053 345 0
1053 346 4
1053 347 0
1053 349 5
1053 350 4
1053 351 5
1053 352 0
1053 354 4
1053 355 1
1053 356 5
1053 357 2
1053 359 4
1053 360 0
1053 361 5
1053 362 1
1053 363 0
1053 364 1
1053 366 4
1053 367 5
1053 368 5
1053 369 3
1053 370 3
1053 371 0
1053 372 5
1053 373 5
1053 375 0
1053 376 4
1053 377 4
1053 378 4
1053 380 2
1053 381 2
1053 382 5
1053 383 1
1053 384 4
1053 385 0
1053 386 3
1053 387 2
1053 389 4
1053 390 2
1053 391 0
1053 392 1
1053 393 4
1053 394 2
1053 395 3
1053 396 0
1053 397 0
1053 398 5
1053 399 5
1053 400 5
1053 401 5
1053 402 2
1053 403 4
1053 405 2
1053 406 3
1053 408 1
1053 409 4
1053 410 2
1053 411 1
1053 412 2
1053 413 3
1053 414 1
1053 415 5
1053 416 3
1053 418 1
1053 419 1
1053 420 3
1053 421 3
1053 422 3
1053 423 1
1053 424 5
1053 425 5
1053 426 4
1053 428 3
1053 429 0
1053 430 4
1053 431 2
1053 432 5
1053 433 1
1053 434 0
1053 435 0
1053 436 4
1053 437 1
1053 438 1
1053 439 5
1053 441 1
1053 442 2
1053 443 0
1053 444 3
1053 445 0
1053 446 4
1053 447 1
1053 448 4
1053 449 1
1053 450 4
1053 451 3
1053 452 0
1053 453 3
1053 454 2
1053 455 1
1053 457 4
1053 458 5
1053 459 5
1053 460 0
1053 461 4
1053 462 1
1053 463 3
1053 465 1
1053 466 5
1053 467 2
1053 468 5
1053 471 1
1053 472 5
1053 473 0
1053 474 4
1053 475 1
1053 476 2
1053 477 3
1053 478 4
1053 479 5
1053 482 5
1053 483 3
1053 484 0
1053 485 5
1053 486 5
1053 487 5
1053 488 2
1053 489 0
1053 490 5
1053 491 5
1053 492 1
1053 495 5
1053 496 5
1053 497 3
1053 498 1
1053 499 5
1053 500 4
1053 502 3
1053 503 1
1053 504 0
1053 505 5
1053 506 4
1053 507 1
1053 509 3
1053 510 4
1053 511 2
1053 513 5
1053 514 4
1053 515 0
1053 516 2
1053 517 4
1053 518 1
1053 519 1
1053 520 0
1053 521 3
1053 522 1
1053 523 5
1053 524 5
1053 526 2
1053 527 4
1053 528 0
1053 529 3
1053 530 2
1053 531 2
1053 534 4
1053 535 0
1053 537 5
1053 539 4
1053 540 1
1053 542 4
1053 543 4
1053 544 0
1053 545 2
1053 546 0
1053 547 3
1053 548 4
1053 549 5
1053 550 0
1053 552 4
1053 553 1
1053 554 5
1053 555 4
1053 556 4
1053 557 4
1053 559 1
1053 560 0
1053 562 4
1053 563 3
1053 564 1
1053 565 3
1053 567 3
1053 568 5
1053 570 4
1053 571 2
1053 572 1
1053 573 4
1053 574 2
1053 575 2
1053 577 1
1053 578 4
1053 579 0
1053 580 2
1053 581 1
1053 582 0
1053 583 5
1053 584 5
1053 586 4
1053 587 5
1053 589 3
1053 590 1
1053 591 2
1053 592 3
1053 593 2
1053 595 5
1053 596 1
1053 597 3
1053 598 3
1053 599 0
1053 600 0
1053 601 2
1053 602 1
1053 603 4
1053 606 1
1053 607 1
1053 611 0
1053 614 2
1053 615 4
1053 616 1
1053 617 5
1053 618 3
1053 620 1
1053 621 0
1053 623 2
1053 624 0
1053 625 2
1053 626 0
1053 627 2
1053 628 5
1053 629 4
1053 630 2
1053 631 4
1053 633 2
1053 634 2
1053 635 0
1053 637 4
1053 638 0
1053 639 0
1053 640 3
1053 641 3
1053 642 0
1053 643 4
1053 644 4
1053 645 0
1053 646 3
1053 648 2
1053 649 5
1053 650 1
1053 652 4
1053 653 4
1053 655 3
1053 657 4
1053 659 3
1053 660 2
1053 661 4
1053 662 3
1053 663 3
1053 665 1
1053 666 4
1053 667 1
1053 668 1
1053 671 2
1053 672 1
1053 673 3
1053 674 4
1053 675 2
1053 676 2
1053 679 1
1053 681 5
1053 683 0
1053 685 5
1053 686 2
1053 687 4
1053 688 4
1053 689 1
1053 690 1
1053 691 4
1053 692 0
1053 693 2
1053 695 4
1053 699 5
1053 700 1
1053 701 3
1053 702 5
1053 703 4
1053 704 2
1053 705 3
1053 706 3
1053 707 1
1053 708 0
1053 709 4
1053 710 1
1053 711 0
1053 712 2
1053 713 3
1053 714 5
1053 716 1
1053 719 4
1053 721 5
1053 722 5
1053 724 5
1053 725 2
1053 726 0
1053 727 2
1053 728 1
1053 732 1
1053 733 1
1053 735 4
1053 738 1
1053 739 5
1053 740 2
1053 741 3
1053 742 3
1053 743 0
1053 744 1
1053 746 2
1053 749 4
1053 752 3
1053 753 4
1053 756 4
1053 757 0
1053 758 3
1053 762 1
1053 763 4
1053 764 2
1053 765 5
1053 766 3
1053 767 2
1053 768 0
1053 769 0
1053 771 5
1053 772 0
1053 773 3
1053 774 1
1053 775 0
1053 776 2
1053 778 1
1053 779 2
1053 780 4
1053 781 4
1053 782 0
1053 783 4
1053 784 5
1053 785 3
1053 787 3
1053 789 3
1053 790 3
1053 791 2
1053 792 4
1053 793 3
1053 794 3
1053 796 2
1053 797 5
1053 798 5
1053 799 3
1053 800 1
1053 801 5
1053 802 1
1053 803 2
1053 804 5
1053 805 4
1053 806 0
1053 807 4
1053 809 2
1053 810 2
1053 811 3
1053 813 3
1053 814 2
1053 815 3
1053 817 5
1053 819 1
1053 820 4
1053 821 2
1053 825 5
1053 826 5
1053 827 2
1053 828 3
1053 829 2
1053 830 1
1053 831 2
1053 834 4
1053 836 0
1053 837 3
1053 838 4
1053 839 1
1053 841 0
1053 842 1
1053 845 0
1053 846 3
1053 847 2
1053 849 2
1053 850 1
1053 851 2
1053 852 2
1053 854 0
1053 855 4
1053 857 2
1053 858 3
1053 859 4
1053 860 3
1053 861 1
1053 862 1
1053 863 2
1053 864 5
1053 865 4
1053 866 0
1053 867 0
1053 868 2
1053 869 3
1053 870 4
1053 871 0
1053 874 5
1053 875 1
1053 876 0
1053 878 0
1053 885 4
1053 889 5
1053 891 1
1053 893 5
1053 894 3
1053 895 2
1053 897 3
1053 898 2
1053 900 1
1053 903 3
1053 905 2
1053 906 0
1053 907 3
1053 908 1
1053 909 4
1053 910 4
1053 911 0
1053 913 3
1053 914 0
1053 916 1
1053 917 4
1053 919 2
1053 920 5
1053 924 3
1053 926 3
1053 927 3
1053 928 4
1053 930 2
1053 931 4
1053 932 2
1053 933 0
1053 934 5
1053 935 2
1053 936 4
1053 938 4
1053 940 1
1053 942 3
1053 943 4
1053 944 3
1053 945 1
1053 946 4
1053 948 1
1053 950 1
1053 951 5
1053 952 4
1053 954 5
1053 955 2
1053 957 5
1053 958 2
1053 960 1
1053 962 2
1053 963 2
1053 964 0
1053 965 5
1053 969 3
1053 970 5
1053 971 0
1053 973 4
1053 974 5
1053 975 5
1053 976 0
1053 977 2
1053 981 4
1053 982 5
1053 984 2
1053 985 0
1053 986 2
1053 989 1
1053 990 5
1053 991 3
1053 993 3
1053 994 3
1053 998 5
1053 1000 3
1053 1002 0
1053 1004 5
1053 1005 4
1053 1006 1
1053 1007 4
1053 1008 4
1053 1009 2
1053 1012 5
1053 1013 5
1053 1015 3
1053 1017 5
1053 1018 5
1053 1019 3
1053 1020 2
1053 1021 2
1053 1022 5
1053 1023 1
1053 1025 5
1053 1026 5
1053 1028 0
1053 1029 5
1053 1031 4
1053 1033 1
1053 1035 1
1053 1036 0
1053 1037 0
1053 1039 4
1053 1041 5
1053 1042 0
1053 1044 4
1053 1045 0
1053 1046 4
1053 1047 2
1053 1049 0
1053 1051 0
1053 1053 5
1053 1054 2
1053 1056 0
1053 1057 5
1053 1058 4
1053 1060 0
1053 1061 4
1053 1064 2
1053 1065 4
1053 1066 3
1053 1069 5
1053 1070 4
1053 1071 4
1053 1072 1
1053 1074 4
1053 1077 2
1053 1079 1
1053 1081 3
1053 1082 5
1053 1083 1
1053 1084 0
1053 1087 5
1053 1090 4
1053 1092 2
1053 1096 3
1053 1098 5
1053 1100 1
1053 1101 2
1053 1102 1
1053 1103 2
1053 1105 5
1053 1106 5
1053 1107 3
1053 1109 2
1053 1110 4
1053 1111 4
1053 1112 2
1053 1114 1
1053 1117 0
1053 1118 1
1053 1119 2
1053 1120 0
1053 1122 0
1053 1124 5
1053 1126 3
1053 1129 4
1053 1130 3
1053 1131 3
1053 1132 4
1053 1133 5
1053 1135 4
1053 1136 4
1053 1137 3
1053 1138 0
1053 1139 0
1053 1140 5
1053 1142 4
1053 1143 4
1053 1144 4
1053 1145 0
1053 1148 5
1053 1149 4
1053 1150 1
1053 1153 1
1053 1154 4
1053 1156 3
1053 1157 4
1053 1159 0
1053 1160 4
1053 1161 4
1053 1165 4
1053 1166 1
1053 1167 0
1053 1168 5
1053 1170 3
1053 1171 2
1053 1172 0
1053 1174 0
1053 1175 4
1053 1178 5
1053 1179 1
1053 1184 0
1053 1185 1
1053 1187 3
1053 1188 0
1053 1189 3
1053 1190 0
1053 1191 2
1053 1192 5
1053 1194 3
1053 1196 2
1053 1197 5
1053 1198 2
1053 1200 2
1053 1201 1
1053 1203 2
1053 1204 3
1053 1205 0
1053 1209 3
1053 1212 0
1053 1216 2
1053 1220 1
1053 1222 2
1053 1224 2
1053 1225 1
1053 1226 5
1053 1227 5
1053 1228 5
1053 1229 3
1053 1231 1
1053 1232 0
1053 1233 2
1053 1234 0
1053 1235 5
1053 1236 5
1053 1238 4
1053 1239 4
1053 1240 0
1053 1241 1
1053 1243 2
1053 1244 3
1053 1246 4
1053 1247 4
1053 1248 3
1053 1253 3
1053 1254 4
1053 1256 3
1053 1257 0
1053 1258 1
1053 1259 4
1053 1260 1
1053 1262 0
1053 1263 1
1053 1264 2
1053 1265 2
1053 1266 1
1053 1267 5
1053 1269 1
1053 1270 3
1053 1271 4
1053 1273 5
1053 1274 4
1053 1275 2
1053 1276 0
1053 1278 4
1053 1281 0
1053 1283 4
1053 1284 0
1053 1285 5
1053 1287 1
1053 1288 5
1053 1291 2
1053 1293 0
1053 1294 1
1053 1297 1
1053 1299 5
1053 1300 3
1053 1303 4
1053 1304 4
1053 1305 5
1053 1306 3
1053 1307 4
1053 1310 3
1053 1311 0
1053 1312 1
1053 1313 2
1053 1314 3
1053 1315 1
1053 1316 0
1053 1318 2
1053 1320 2
1053 1322 3
1053 1323 4
1053 1325 4
1053 1326 3
1053 1328 4
1053 1333 5
1053 1334 2
1053 1335 2
1053 1336 5
1053 1338 4
1053 1340 4
1053 1343 5
1053 1345 4
1053 1347 1
1053 1349 3
1053 1354 2
1053 1355 0
1053 1356 2
1053 1360 0
1053 1361 5
1053 1363 4
1053 1364 2
1053 1365 0
1053 1366 4
1053 1369 0
1053 1373 3
1053 1374 4
1053 1376 2
1053 1380 3
1053 1381 2
1053 1382 3
1053 1384 4
1053 1385 5
1053 1386 4
1053 1387 2
1053 1389 3
1053 1390 3
1053 1391 1
1053 1392 1
1053 1393 0
1053 1394 4
1053 1398 2
1053 1400 5
1053 1401 5
1053 1402 2
1053 1403 1
1053 1405 2
1053 1406 4
1053 1407 2
1053 1409 5
1053 1411 3
1053 1412 5
1053 1415 1
1053 1416 3
1053 1417 4
1053 1419 0
1053 1421 5
1053 1425 3
1053 1428 4
1053 1431 5
1053 1436 2
1053 1437 3
1053 1440 0
1053 1443 5
1053 1444 4
1053 1446 0
1053 1447 0
1053 1448 0
1053 1449 2
1053 1451 1
1053 1452 1
1053 1455 2
1053 1459 5
1053 1460 0
1053 1461 3
1053 1462 4
1053 1463 1
1053 1464 4
1053 1465 1
1053 1466 3
1053 1467 1
1053 1468 1
1053 1469 5
1053 1470 0
1053 1471 2
1053 1474 5
1053 1475 2
1053 1477 5
1053 1479 5
1053 1481 4
1053 1482 4
1053 1484 0
1053 1489 0
1053 1492 1
1053 1494 2
1053 1495 2
1053 1497 5
1053 1499 2
1053 1500 1
1053 1502 1
1053 1506 5
1053 1508 0
1053 1509 3
1053 1512 2
1053 1513 0
1053 1518 4
1053 1522 4
1053 1524 4
1053 1529 0
1053 1530 2
1053 1532 1
1053 1533 5
1053 1534 1
1053 1535 1
1053 1536 2
1053 1537 4
1053 1538 2
1053 1542 5
1053 1544 0
1053 1545 3
1053 1546 4
1053 1549 0
1053 1552 2
1053 1553 0
1053 1554 1
1053 1557 5
1053 1560 3
1053 1565 0
1053 1572 1
1053 1576 4
1053 1579 3
1053 1580 5
1053 1582 4
1053 1583 0
1053 1585 4
1053 1592 5
1053 1594 3
1053 1595 4
1053 1596 3
1053 1597 4
1053 1598 0
1053 1599 3
1053 1601 1
1053 1602 5
1053 1603 2
1053 1604 1
1053 1605 0
1053 1606 2
1053 1608 5
1053 1610 0
1053 1616 0
1053 1618 2
1053 1619 3
1053 1620 5
1053 1621 2
1053 1622 5
1053 1625 0
1053 1629 0
1053 1631 3
1053 1632 5
1053 1638 0
1053 1639 3
1053 1640 5
1053 1644 2
1053 1647 5
1053 1648 3
1053 1651 2
1053 1653 2
1053 1654 0
1053 1657 0
1053 1658 0
1053 1660 3
1053 1661 5
1053 1662 3
1053 1665 2
1053 1668 0
1053 1670 3
1053 1677 2
1053 1678 1
1053 1679 0
1053 1680 2
1053 1682 0
1053 1683 4
1053 1685 5
1053 1686 4
1053 1687 0
1053 1689 2
1053 1690 0
1053 1692 0
1053 1693 5
1053 1695 5
1053 1697 1
1053 1699 5
1053 1702 4
1053 1705 4
1053 1706 5
1053 1710 5
1053 1711 0
1053 1714 3
1053 1717 4
1053 1718 3
1053 1720 3
1053 1731 3
1053 1735 2
1053 1737 1
1053 1738 0
1053 1740 0
1053 1741 5
1053 1742 5
1053 1744 1
1053 1745 2
1053 1746 1
1053 1747 1
1053 1752 2
1053 1756 4
1053 1758 1
1053 1762 1
1053 1764 0
1053 1767 3
1053 1768 0
1053 1770 0
1053 1771 3
1053 1772 3
1053 1774 1
1053 1780 3
1053 1781 5
1053 1782 2
1053 1783 5
1053 1786 2
1053 1787 5
1053 1795 1
1053 1796 2
1053 1798 0
1053 1800 5
1053 1802 4
1053 1804 2
1053 1805 0
1053 1809 3
1053 1810 4
1053 1812 5
1053 1814 2
1053 1817 3
1053 1818 0
1053 1819 1
1053 1823 4
1053 1827 3
1053 1829 1
1053 1831 5
1053 1832 5
1053 1837 5
1053 1839 1
1053 1840 0
1053 1841 4
1053 1843 5
1053 1844 1
1053 1847 4
1053 1848 5
1053 1849 3
1053 1851 1
1053 1852 2
1053 1855 1
1053 1856 1
1053 1857 5
1053 1858 0
1053 1861 1
1053 1863 4
1053 1867 2
1053 1868 0
1053 1870 5
1053 1872 1
1053 1873 2
1053 1877 4
1053 1879 2
1053 1880 1
1053 1891 5
1053 1893 1
1053 1896 0
1053 1899 1
1053 1901 5
1053 1902 2
1053 1903 3
1053 1906 0
1053 1909 0
1053 1911 5
1053 1913 1
1053 1915 5
1053 1918 5
1053 1919 3
1053 1921 5
1053 1925 5
1053 1928 1
1053 1929 2
1053 1930 3
1053 1931 1
1053 1936 4
1053 1937 3
1053 1938 4
1053 1941 0
1053 1947 2
1053 1948 5
1053 1949 4
1053 1951 3
1053 1954 2
1053 1958 0
1053 1960 0
1053 1961 4
1053 1962 0
1053 1965 0
1053 1979 4
1053 1980 1
1053 1985 1
1053 1986 3
1053 1989 0
1053 1991 2
1053 1995 5
1053 1999 5
1053 2004 3
1053 2006 0
1053 2009 1
1053 2010 5
1053 2011 3
1053 2015 0
1053 2021 2
1053 2022 4
1053 2023 5
1053 2029 3
1053 2030 0
1053 2031 4
1053 2034 1
1053 2037 0
1053 2040 0
1053 2046 4
1053 2047 0
1053 2048 2
1053 2052 5
1053 2055 5
1053 2060 3
1053 2061 3
1053 2063 4
1053 2064 4
1053 2065 1
1053 2074 4
1053 2077 2
1053 2081 4
1053 2085 2
1053 2086 0
1053 2092 0
1053 2097 2
1053 2098 2
1053 2100 0
1053 2102 4
1053 2108 2
1053 2110 4
1053 2113 4
1053 2115 0
1053 2118 5
1053 2119 5
1053 2122 1
1053 2128 3
1053 2130 3
1053 2134 5
1053 2137 4
1053 2140 5
1053 2141 3
1053 2144 0
1053 2147 4
1053 2149 1
1053 2150 3
1053 2153 5
1053 2154 4
1053 2156 2
1053 2157 3
1053 2159 2
1053 2163 2
1053 2164 2
1053 2165 0
1053 2170 2
1053 2172 4
1053 2175 1
1053 2180 0
1053 2182 5
1053 2189 2
1053 2195 2
1053 2205 1
1053 2209 0
1053 2215 5
1053 2217 3
1053 2221 2
1053 2222 1
1053 2223 3
1053 2224 2
1053 2225 1
1053 2230 1
1053 2232 5
1053 2237 2
1053 2241 3
1053 2243 4
1053 2244 4
1053 2247 2
1053 2248 4
1053 2252 4
1053 2255 5
1053 2258 5
1053 2261 5
1053 2262 0
1053 2265 4
1053 2267 2
1053 2269 1
1053 2272 4
1053 2274 0
1053 2277 0
1053 2279 3
1053 2280 0
1053 2285 1
1053 2286 0
1053 2291 5
1053 2293 5
1053 2296 2
1053 2299 0
1053 2301 2
1053 2304 2
1053 2305 1
1053 2311 1
1053 2313 3
1053 2314 0
1053 2316 2
1053 2317 0
1053 2320 5
1053 2321 0
1053 2323 3
1053 2324 5
1053 2326 5
1053 2329 1
1053 2330 1
1053 2331 2
1053 2337 0
1053 2338 0
1053 2341 3
1053 2347 1
1053 2359 4
1053 2372 0
1053 2377 1
1053 2378 2
1053 2382 3
1053 2383 0
1053 2385 2
1053 2386 3
1053 2387 4
1053 2388 0
1053 2389 1
1053 2391 4
1053 2394 3
1053 2402 4
1053 2404 2
1053 2405 0
1053 2415 3
1053 2417 2
1053 2419 4
1053 2422 3
1053 2423 4
1053 2431 1
1053 2433 2
1053 2453 4
1053 2458 0
1053 2461 5
1053 2467 4
1053 2468 2
1053 2470 2
1053 2476 5
1053 2478 2
1053 2480 3
1053 2481 2
1053 2482 3
1053 2487 3
1053 2492 1
1053 2503 4
1053 2510 2
1053 2520 2
1053 2521 5
1053 2524 2
1053 2525 4
1053 2526 3
1053 2527 1
1053 2528 5
1053 2530 5
1053 2532 0
1053 2538 4
1053 2541 0
1053 2543 2
1053 2547 5
1053 2549 0
1053 2550 2
1053 2551 1
1053 2559 3
1053 2565 0
1053 2574 0
1053 2575 4
1053 2576 2
1053 2582 5
1053 2584 4
1053 2586 2
1053 2593 0
1053 2595 4
1053 2604 1
1053 2606 2
1053 2607 5
1053 2608 4
1053 2616 4
1053 2622 2
1053 2626 2
1053 2627 1
1053 2632 1
1053 2633 5
1053 2636 1
1053 2640 0
1053 2642 1
1053 2644 2
1053 2646 1
1053 2652 0
1053 2657 4
1053 2661 5
1053 2669 1
1053 2671 0
1053 2676 4
1053 2684 5
1053 2685 0
1053 2688 1
1053 2691 3
1053 2693 0
1053 2698 4
1053 2706 4
1053 2707 2
1053 2714 1
1053 2719 4
1053 2720 0
1053 2724 4
1053 2728 0
1053 2729 5
1053 2733 1
1053 2735 0
1053 2737 0
1053 2748 3
1053 2751 4
1053 2755 3
1053 2762 3
1053 2763 0
1053 2769 3
1053 2770 2
1053 2777 1
1053 2780 5
1053 2781 1
1053 2784 2
1053 2786 4
1053 2802 2
1053 2810 5
1053 2816 1
1053 2826 5
1053 2827 4
1053 2828 4
1053 2831 5
1053 2837 5
1053 2839 0
1053 2842 5
1053 2843 3
1053 2844 1
1053 2862 2
1053 2878 2
1053 2883 3
1053 2890 4
1053 2901 2
1053 2902 4
1053 2914 1
1053 2918 3
1053 2920 5
1053 2938 2
1053 2940 3
1053 2941 1
1053 2955 0
1053 2956 3
1053 2957 4
1053 2958 3
1053 2963 4
1053 2964 4
1053 2966 2
1053 2973 4
1053 2975 4
1053 2977 2
1053 2981 2
1053 2998 3
1053 3002 5
1053 3004 2
1053 3006 1
1053 3022 4
1053 3024 0
1053 3029 2
1053 3030 3
1053 3043 3
1053 3058 2
1053 3060 2
1053 3061 4
1053 3064 0
1053 3065 3
1053 3070 5
1053 3075 3
1053 3077 4
1053 3078 0
1053 3087 0
1053 3089 3
1053 3090 2
1053 3091 5
1053 3095 3
1053 3102 4
1053 3112 1
1053 3120 2
1053 3122 0
1053 3131 3
1053 3142 0
1053 3144 0
1053 3151 4
1053 3158 5
1053 3160 5
1053 3162 4
1053 3165 0
1053 3174 4
1053 3186 1
1053 3192 3
1053 3201 4
1053 3209 3
1053 3210 4
1053 3232 5
1053 3233 3
1053 3249 5
1053 3275 0
1053 3276 3
1053 3291 2
1053 3292 5
1053 3317 3
1053 3339 1
1053 3340 4
1053 3347 4
1053 3358 3
1053 3359 5
1053 3366 1
1053 3385 5
1053 3386 2
1053 3389 2
1053 3391 0
1053 3395 4
1053 3405 1
1053 3421 4
1053 3424 5
1053 3431 3
1053 3432 5
1053 3440 1
1053 3453 0
1053 3455 0
1053 3456 5
1053 3467 0
1053 3471 1
1053 3472 0
1053 3485 4
1053 3489 5
1053 3490 1
1053 3499 1
1053 3509 3
1053 3511 0
1053 3530 0
1053 3542 2
1053 3544 5
1053 3555 5
1053 3557 3
1053 3569 3
1053 3570 4
1053 3589 3
1053 3594 3
1053 3599 4
1053 3601 3
1053 3607 3
1053 3608 2
1053 3615 0
1053 3619 3
1053 3622 4
1053 3623 1
1053 3629 4
1053 3634 0
1053 3638 4
1053 3644 5
1053 3646 2
1053 3668 3
1053 3687 2
1053 3700 1
1053 3702 0
1053 3706 4
1053 3707 4
1053 3712 1
1053 3724 1
1053 3747 4
1053 3750 3
1053 3754 2
1053 3763 1
1053 3764 0
1053 3773 1
1053 3776 4
1053 3784 2
1053 3802 0
1053 3824 5
1053 3827 0
1053 3831 1
1053 3837 4
1053 3840 3
1053 3848 4
1053 3852 3
1053 3859 0
1053 3862 5
1053 3877 4
1053 3878 0
1053 3882 1
1053 3885 5
1053 3899 1
1053 3928 5
1053 3945 3
1053 3963 2
1053 3976 4
1053 3983 3
1053 3987 3
1053 3997 4
1053 4001 0
1053 4018 2
1053 4026 2
1053 4032 3
1053 4034 5
1053 4045 3
1053 4067 2
1053 4093 0
1053 4123 1
1053 4125 5
1053 4130 3
1053 4141 1
1053 4152 2
1053 4157 3
1053 4161 3
1053 4176 2
1053 4191 2
1053 4201 1
1053 4207 4
1053 4209 0
1053 4219 2
1053 4234 4
1053 4243 3
1053 4269 2
1053 4296 3
1053 4297 0
1053 4306 2
1053 4319 5
1053 4326 2
1053 4340 3
1053 4354 5
1053 4360 2
1053 4366 1
1053 4401 4
1053 4414 5
1053 4419 2
1053 4426 5
1053 4479 3
1053 4485 4
1053 4510 3
1053 4534 1
1053 4557 1
1053 4558 4
1053 4562 0
1053 4572 4
1053 4585 2
1053 4616 5
1053 4627 1
1053 4634 4
1053 4644 2
1053 4647 4
1053 4660 5
1053 4671 0
1053 4694 0
1053 4699 3
1053 4713 5
1053 4718 5
1053 4722 1
1053 4749 4
1053 4754 0
1053 4778 2
1053 4791 3
1053 4844 0
1053 4878 1
1053 4892 5
1053 4930 5
1053 4969 3
1053 4984 0
1053 5008 5
1053 5012 3
1053 5040 2
1053 5043 4
1053 5061 3
1053 5068 2
1053 5076 1
1053 5095 3
1053 5103 2
1053 5111 5
1053 5123 0
1053 5136 2
1053 5140 0
1053 5179 1
1053 5183 0
1053 5228 1
1053 5260 2
1053 5313 4
1053 5326 3
1053 5348 0
1053 5375 5
1053 5388 5
1053 5412 3
1053 5446 5
1053 5459 2
1053 5537 0
1053 5559 4
1053 5582 5
1053 5584 4
1053 5610 5
1053 5619 0
1053 5641 5
1053 5647 4
1053 5729 5
1053 5764 1
1053 5771 2
1053 5790 4
1053 5802 2
1053 5838 2
1053 5857 4
1053 5869 4
1053 5905 1
1053 6028 0
1053 6044 4
1053 6118 4
1053 6134 5
1053 6151 0
1053 6169 1
1053 6178 4
1053 6215 1
1053 6236 3
1053 6429 0
1053 6518 4
1053 6549 4
1053 6707 2
1053 6857 4
1053 6858 1
1053 6880 2
1053 6898 1
1053 6986 1
1053 6987 1
1053 6994 5
1053 7002 5
1053 7020 5
1053 7091 1
1053 7093 0
1053 7134 5
1053 7224 1
1053 7355 1
1053 7438 0
1053 7527 3
1053 7579 1
1053 7874 4
1053 8111 2
1053 8123 3
1053 8131 1
1053 8188 5
1053 8198 2
1053 8209 1
1053 8288 3
1053 8623 2
1053 8640 2
1053 8674 0
1053 8729 0
1053 9453 5
1053 9578 5
1053 9670 2
1053 9753 4
1053 9808 4
1053 9849 4
1053 10118 3
1053 10536 1
1053 11373 4
1053 14365 4
1121 0 4
1121 1 0
1121 2 1
1121 3 4
1121 4 5
1121 5 0
1121 6 0
1121 7 2
1121 8 5
1121 9 2
1121 10 0
1121 11 4
1121 12 0
1121 13 4
1121 14 1
1121 15 3
1121 16 0
1121 17 3
1121 18 2
1121 19 1
1121 20 1
1121 21 3
1121 22 0
1121 23 5
1121 24 5
1121 25 1
1121 26 4
1121 27 0
1121 28 5
1121 29 5
1121 30 0
1121 31 5
1121 32 5
1121 33 5
1121 34 0
1121 35 4
1121 36 1
1121 37 4
1121 38 5
1121 39 5
1121 40 2
1121 41 0
1121 42 4
1121 43 4
1121 45 1
1121 46 0
1121 47 1
1121 48 0
1121 49 2
1121 50 4
1121 51 5
1121 52 5
1121 53 4
1121 54 3
1121 55 1
1121 56 0
1121 57 2
1121 58 4
1121 59 5
1121 60 0
1121 61 0
1121 62 5
1121 63 5
1121 64 1
1121 65 2
1121 67 4
1121 69 3
1121 70 5
1121 71 5
1121 72 3
1121 73 0
1121 74 3
1121 75 3
1121 76 0
1121 77 0
1121 78 4
1121 82 4
1121 85 4
1121 86 0
1121 87 0
1121 88 4
1121 89 3
1121 91 3
1121 92 4
1121 93 1
1121 94 5
1121 96 0
1121 97 5
1121 98 4
1121 99 1
1121 100 5
1121 101 0
1121 103 4
1121 104 3
1121 105 1
1121 107 3
1121 108 5
1121 109 4
1121 110 0
1121 111 2
1121 112 3
1121 113 3
1121 114 1
1121 115 3
1121 116 2
1121 117 0
1121 118 0
1121 119 1
1121 120 4
1121 121 1
1121 123 3
1121 124 1
1121 126 5
1121 127 2
1121 129 3
1121 130 4
1121 131 3
1121 132 4
1121 134 2
1121 135 4
1121 137 0
1121 138 2
1121 139 0
1121 140 2
1121 141 1
1121 142 1
1121 143 2
1121 144 4
1121 145 0
1121 146 3
1121 147 3
1121 148 5
1121 149 3
1121 150 2
1121 151 4
1121 152 4
1121 153 1
1121 154 3
1121 155 2
1121 157 3
1121 158 4
1121 160 4
1121 161 1
1121 162 5
1121 163 1
1121 164 0
1121 166 0
1121 167 0
1121 168 5
1121 171 1
1121 172 2
1121 173 3
1121 174 5
1121 176 5
1121 178 5
1121 179 3
1121 180 5
1121 181 3
1121 182 3
1121 183 2
1121 184 4
1121 185 4
1121 186 4
1121 187 3
1121 189 3
1121 191 3
1121 192 1
1121 194 1
1121 195 3
1121 196 3
1121 197 2
1121 199 2
1121 202 0
1121 203 2
1121 204 1
1121 205 4
1121 206 3
1121 207 3
1121 208 3
1121 209 2
1121 210 2
1121 212 4
1121 213 5
1121 214 4
1121 215 2
1121 216 5
1121 217 2
1121 220 4
1121 222 3
1121 223 0
1121 225 1
1121 226 1
1121 227 3
1121 228 3
1121 229 5
1121 230 3
1121 231 4
1121 232 3
1121 233 4
1121 234 4
1121 235 4
1121 237 4
1121 238 0
1121 239 1
1121 240 1
1121 241 3
1121 242 0
1121 243 2
1121 245 2
1121 246 2
1121 247 3
1121 248 3
1121 250 2
1121 251 4
1121 252 0
1121 253 2
1121 255 0
1121 256 5
1121 257 0
1121 258 5
1121 259 4
1121 261 3
1121 262 5
1121 263 4
1121 264 3
1121 266 3
1121 269 4
1121 272 4
1121 273 5
1121 274 2
1121 276 3
1121 279 3
1121 280 5
1121 281 4
1121 282 1
1121 284 5
1121 285 3
1121 286 1
1121 288 2
1121 289 5
1121 290 0
1121 292 4
1121 293 0
1121 294 5
1121 296 2
1121 297 5
1121 298 0
1121 299 1
1121 301 3
1121 302 4
1121 303 0
1121 305 1
1121 306 2
1121 307 0
1121 308 0
1121 309 2
1121 310 4
1121 311 2
1121 312 5
1121 313 0
1121 314 4
1121 316 0
1121 317 3
1121 318 4
1121 319 1
1121 321 0
1121 322 5
1121 323 2
1121 324 1
1121 325 4
1121 327 3
1121 329 2
1121 330 5
1121 331 4
1121 335 5
1121 337 0
1121 338 2
1121 339 2
1121 340 0
1121 342 1
1121 343 4
1121 344 3
1121 345 5
1121 346 2
1121 348 4
1121 350 0
1121 355 4
1121 356 4
1121 357 5
1121 358 1
1121 360 5
1121 361 3
1121 362 4
1121 363 0
1121 364 1
1121 366 1
1121 367 5
1121 370 0
1121 371 4
1121 372 0
1121 373 2
1121 376 2
1121 377 5
1121 378 0
1121 379 0
1121 380 4
1121 381 2
1121 383 1
1121 384 4
1121 385 2
1121 388 3
1121 389 0
1121 391 2
1121 395 3
1121 396 4
1121 397 3
1121 398 2
1121 403 3
1121 404 5
1121 407 2
1121 409 1
1121 410 0
1121 411 2
1121 412 2
1121 415 2
1121 416 3
1121 418 5
1121 419 2
1121 420 5
1121 422 5
1121 423 3
1121 424 2
1121 425 0
1121 428 5
1121 429 4
1121 430 2
1121 431 3
1121 432 2
1121 433 3
1121 434 0
1121 439 2
1121 441 3
1121 442 5
1121 443 3
1121 445 5
1121 447 0
1121 448 0
1121 449 3
1121 450 0
1121 452 1
1121 454 0
1121 455 0
1121 457 0
1121 458 1
1121 462 1
1121 464 2
1121 465 1
1121 466 4
1121 470 2
1121 472 0
1121 474 2
1121 476 1
1121 478 5
1121 479 2
1121 481 2
1121 484 5
1121 486 3
1121 487 2
1121 490 3
1121 492 1
1121 494 5
1121 496 3
1121 498 0
1121 499 5
1121 500 0
1121 502 0
1121 503 1
1121 506 4
1121 507 5
1121 508 2
1121 510 5
1121 513 5
1121 515 0
1121 518 2
1121 519 0
1121 522 2
1121 526 4
1121 527 2
1121 528 1
1121 530 1
1121 531 5
1121 536 0
1121 537 1
1121 538 0
1121 539 2
1121 540 0
1121 543 3
1121 544 3
1121 547 0
1121 548 3
1121 550 0
1121 551 2
1121 552 2
1121 553 0
1121 554 0
1121 555 0
1121 558 1
1121 559 0
1121 562 4
1121 564 3
1121 565 2
1121 567 2
1121 571 1
1121 572 5
1121 574 3
1121 575 3
1121 577 0
1121 580 1
1121 581 1
1121 582 1
1121 583 1
1121 584 0
1121 586 4
1121 590 2
1121 593 0
1121 595 2
1121 596 2
1121 597 4
1121 598 2
1121 599 4
1121 601 1
1121 602 4
1121 606 5
1121 607 5
1121 608 4
1121 609 4
1121 612 2
1121 615 2
1121 617 4
1121 618 5
1121 621 2
1121 623 1
1121 626 2
1121 628 1
1121 629 0
1121 630 3
1121 631 4
1121 633 1
1121 634 5
1121 635 2
1121 637 0
1121 639 2
1121 642 4
1121 643 5
1121 645 0
1121 647 1
1121 648 5
1121 650 0
1121 651 1
1121 655 3
1121 656 5
1121 659 1
1121 660 2
1121 663 3
1121 664 5
1121 666 1
1121 667 0
1121 672 4
1121 674 4
1121 682 3
1121 684 2
1121 685 3
1121 687 1
1121 688 0
1121 690 4
1121 691 0
1121 692 4
1121 697 0
1121 699 1
1121 700 5
1121 703 2
1121 705 2
1121 707 4
1121 708 1
1121 709 2
1121 715 1
1121 718 0
1121 719 0
1121 720 5
1121 722 1
1121 724 3
1121 725 3
1121 726 4
1121 728 1
1121 733 4
1121 739 0
1121 741 1
1121 742 0
1121 743 4
1121 745 1
1121 746 2
1121 747 2
1121 752 0
1121 753 3
1121 754 2
1121 758 4
1121 760 2
1121 762 0
1121 764 0
1121 767 5
1121 768 4
1121 771 1
1121 772 4
1121 775 5
1121 776 1
1121 778 1
1121 779 3
1121 780 2
1121 781 0
1121 782 5
1121 783 0
1121 784 0
1121 785 3
1121 786 0
1121 787 5
1121 790 2
1121 791 5
1121 793 3
1121 794 0
1121 795 1
1121 796 2
1121 802 2
1121 804 3
1121 807 5
1121 814 1
1121 815 1
1121 817 1
1121 819 1
1121 823 2
1121 825 5
1121 826 3
1121 827 4
1121 830 3
1121 837 5
1121 841 0
1121 842 0
1121 848 3
1121 851 2
1121 854 1
1121 855 5
1121 856 3
1121 860 3
1121 861 5
1121 862 4
1121 867 5
1121 869 4
1121 875 0
1121 877 0
1121 879 2
1121 882 4
1121 883 3
1121 884 0
1121 885 0
1121 886 1
1121 887 3
1121 888 2
1121 893 1
1121 897 3
1121 903 4
1121 905 2
1121 909 5
1121 917 0
1121 919 3
1121 923 2
1121 925 5
1121 926 0
1121 928 0
1121 930 3
1121 931 2
1121 936 1
1121 941 1
1121 942 0
1121 943 1
1121 944 2
1121 946 1
1121 948 1
1121 953 0
1121 955 2
1121 956 4
1121 959 2
1121 960 1
1121 963 1
1121 964 4
1121 965 4
1121 976 4
1121 977 0
1121 978 3
1121 979 3
1121 985 1
1121 986 4
1121 988 2
1121 990 0
1121 995 3
1121 996 2
1121 998 0
1121 1002 5
1121 1004 5
1121 1005 5
1121 1007 4
1121 1008 3
1121 1010 3
1121 1011 1
1121 1013 2
1121 1015 0
1121 1017 4
1121 1019 0
1121 1028 0
1121 1031 0
1121 1034 4
1121 1035 0
1121 1036 0
1121 1037 1
1121 1042 3
1121 1043 3
1121 1046 4
1121 1047 3
1121 1049 5
1121 1051 4
1121 1052 5
1121 1055 4
1121 1057 5
1121 1060 1
1121 1061 4
1121 1062 5
1121 1065 5
1121 1068 5
1121 1069 5
1121 1071 1
1121 1077 4
1121 1079 3
1121 1080 0
1121 1082 4
1121 1083 0
1121 1085 2
1121 1089 5
1121 1091 4
1121 1092 4
1121 1095 4
1121 1096 4
1121 1098 5
1121 1099 2
1121 1103 4
1121 1104 4
1121 1106 3
1121 1107 3
1121 1108 4
1121 1110 5
1121 1114 5
1121 1119 4
1121 1120 0
1121 1123 5
1121 1124 1
1121 1129 3
1121 1131 4
1121 1132 2
1121 1135 1
1121 1136 0
1121 1138 3
1121 1142 1
1121 1144 3
1121 1145 0
1121 1146 5
1121 1148 5
1121 1153 4
1121 1154 1
1121 1156 1
1121 1157 2
1121 1158 1
1121 1159 2
1121 1160 4
1121 1168 3
1121 1169 0
1121 1171 2
1121 1173 3
1121 1174 0
1121 1175 5
1121 1181 2
1121 1182 5
1121 1184 3
1121 1190 0
1121 1191 5
1121 1193 4
1121 1194 1
1121 1195 5
1121 1198 3
1121 1199 5
1121 1200 1
1121 1204 1
1121 1209 4
1121 1215 5
1121 1217 1
1121 1218 3
1121 1219 1
1121 1226 3
1121 1228 0
1121 1229 5
1121 1232 4
1121 1234 4
1121 1236 4
1121 1239 1
1121 1242 1
1121 1245 5
1121 1250 0
1121 1253 2
1121 1257 0
1121 1258 5
1121 1260 0
1121 1262 1
1121 1263 2
1121 1265 5
1121 1269 2
1121 1273 1
1121 1274 3
1121 1279 1
1121 1281 1
1121 1287 0
1121 1288 3
1121 1289 0
1121 1290 2
1121 1294 1
1121 1296 3
1121 1297 4
1121 1305 1
1121 1307 1
1121 1310 2
1121 1313 2
1121 1317 3
1121 1319 5
1121 1323 1
1121 1324 3
1121 1327 2
1121 1331 0
1121 1335 5
1121 1341 3
1121 1343 2
1121 1345 5
1121 1349 1
1121 1350 1
1121 1354 3
1121 1356 1
1121 1357 1
1121 1359 1
1121 1360 4
1121 1361 0
1121 1362 1
1121 1365 5
1121 1368 5
1121 1369 0
1121 1370 2
1121 1371 0
1121 1374 2
1121 1376 1
1121 1379 2
1121 1381 4
1121 1384 3
1121 1387 2
1121 1389 4
1121 1390 1
1121 1392 2
1121 1395 0
1121 1396 5
1121 1402 0
1121 1408 3
1121 1410 4
1121 1413 1
1121 1417 0
1121 1419 5
1121 1423 2
1121 1424 1
1121 1425 4
1121 1426 4
1121 1427 0
1121 1429 2
1121 1434 1
1121 1447 3
1121 1448 3
1121 1450 1
1121 1451 3
1121 1453 5
1121 1456 2
1121 1461 4
1121 1462 3
1121 1465 0
1121 1469 5
1121 1472 1
1121 1473 4
1121 1476 2
1121 1477 2
1121 1480 5
1121 1482 2
1121 1485 2
1121 1489 3
1121 1491 0
1121 1492 4
1121 1494 4
1121 1496 5
1121 1497 1
1121 1499 3
1121 1503 0
1121 1511 0
1121 1515 4
1121 1522 1
1121 1527 1
1121 1528 0
1121 1529 3
1121 1534 4
1121 1535 0
1121 1538 5
1121 1541 1
1121 1542 3
1121 1544 1
1121 1545 0
1121 1546 4
1121 1548 5
1121 1550 2
1121 1552 1
1121 1554 2
1121 1561 2
1121 1563 4
1121 1567 3
1121 1568 3
1121 1569 5
1121 1572 4
1121 1573 0
1121 1580 5
1121 1581 2
1121 1589 0
1121 1590 5
1121 1593 0
1121 1602 2
1121 1603 2
1121 1605 3
1121 1606 3
1121 1608 1
1121 1611 2
1121 1613 0
1121 1616 1
1121 1618 5
1121 1621 3
1121 1622 1
1121 1625 5
1121 1628 0
1121 1630 0
1121 1631 0
1121 1635 4
1121 1639 3
1121 1642 1
1121 1643 4
1121 1646 5
1121 1647 0
1121 1648 2
1121 1649 1
1121 1651 3
1121 1653 2
1121 1657 2
1121 1659 5
1121 1660 2
1121 1661 4
1121 1662 5
1121 1668 3
1121 1673 1
1121 1675 5
1121 1680 3
1121 1681 5
1121 1685 2
1121 1688 0
1121 1690 0
1121 1697 5
1121 1698 2
1121 1723 0
1121 1724 3
1121 1726 4
1121 1732 4
1121 1735 3
1121 1739 0
1121 1743 4
1121 1744 2
1121 1747 5
1121 1752 4
1121 1760 4
1121 1761 1
1121 1766 5
1121 1771 3
1121 1772 5
1121 1774 3
1121 1779 5
1121 1783 5
1121 1785 2
1121 1789 3
1121 1790 4
1121 1796 1
1121 1797 5
1121 1799 0
1121 1805 2
1121 1809 2
1121 1823 0
1121 1825 0
1121 1830 5
1121 1831 3
1121 1832 5
1121 1834 5
1121 1835 2
1121 1836 4
1121 1837 4
1121 1840 3
1121 1851 0
1121 1854 3
1121 1867 1
1121 1871 5
1121 1875 0
1121 1880 4
1121 1885 2
1121 1889 5
1121 1891 0
1121 1894 2
1121 1902 5
1121 1903 5
1121 1906 3
1121 1912 2
1121 1913 3
1121 1914 0
1121 1915 5
1121 1918 0
1121 1919 3
1121 1921 3
1121 1923 0
1121 1928 5
1121 1931 4
1121 1932 3
1121 1933 5
1121 1934 1
1121 1941 4
1121 1943 5
1121 1948 5
1121 1950 4
1121 1955 1
1121 1956 3
1121 1966 3
1121 1972 4
1121 1973 4
1121 1976 0
1121 1986 1
1121 1992 1
1121 1996 5
1121 1997 1
1121 2000 0
1121 2003 0
1121 2007 1
1121 2008 3
1121 2011 4
1121 2013 4
1121 2016 2
1121 2020 4
1121 2026 1
1121 2029 4
1121 2031 4
1121 2034 0
1121 2038 1
1121 2044 2
1121 2049 4
1121 2063 2
1121 2065 3
1121 2066 0
1121 2067 4
1121 2070 5
1121 2071 1
1121 2072 3
1121 2082 4
1121 2093 2
1121 2094 4
1121 2097 5
1121 2098 0
1121 2103 3
1121 2106 1
1121 2116 2
1121 2117 2
1121 2123 2
1121 2125 2
1121 2135 2
1121 2141 3
1121 2149 3
1121 2151 2
1121 2157 3
1121 2158 2
1121 2165 0
1121 2167 1
1121 2168 2
1121 2171 1
1121 2177 1
1121 2180 0
1121 2184 3
1121 2187 4
1121 2190 4
1121 2192 2
1121 2200 5
1121 2202 1
1121 2205 2
1121 2207 2
1121 2209 4
1121 2210 4
1121 2215 3
1121 2246 3
1121 2249 5
1121 2250 5
1121 2251 4
1121 2257 0
1121 2267 1
1121 2270 3
1121 2271 5
1121 2273 5
1121 2278 4
1121 2279 0
1121 2283 0
1121 2290 2
1121 2294 5
1121 2298 5
1121 2306 3
1121 2313 0
1121 2324 2
1121 2326 3
1121 2328 1
1121 2329 1
1121 2330 1
1121 2333 2
1121 2336 5
1121 2339 3
1121 2341 2
1121 2347 1
1121 2350 0
1121 2351 5
1121 2352 3
1121 2363 5
1121 2365 4
1121 2366 4
1121 2371 4
1121 2378 1
1121 2381 3
1121 2384 5
1121 2385 5
1121 2386 4
1121 2389 1
1121 2394 3
1121 2399 2
1121 2402 1
1121 2403 4
1121 2404 5
1121 2407 2
1121 2412 2
1121 2414 2
1121 2416 0
1121 2420 5
1121 2421 1
1121 2422 4
1121 2427 3
1121 2430 3
1121 2432 1
1121 2435 2
1121 2439 2
1121 2446 1
1121 2452 5
1121 2453 2
1121 2454 1
1121 2461 5
1121 2462 4
1121 2465 1
1121 2476 2
1121 2479 2
1121 2481 1
1121 2484 4
1121 2490 2
1121 2496 0
1121 2498 2
1121 2502 0
1121 2503 1
1121 2513 4
1121 2539 4
1121 2543 2
1121 2562 2
1121 2565 1
1121 2568 2
1121 2571 2
1121 2572 1
1121 2576 3
1121 2579 4
1121 2585 5
1121 2590 0
1121 2599 3
1121 2602 4
1121 2604 5
1121 2618 1
1121 2622 4
1121 2623 2
1121 2628 0
1121 2631 5
1121 2644 2
1121 2647 3
1121 2658 4
1121 2660 2
1121 2661 3
1121 2664 1
1121 2665 1
1121 2678 4
1121 2681 5
1121 2682 0
1121 2685 5
1121 2687 5
1121 2696 2
1121 2704 2
1121 2707 0
1121 2709 3
1121 2712 1
1121 2717 5
1121 2718 1
1121 2720 0
1121 2723 4
1121 2724 1
1121 2750 1
1121 2757 1
1121 2761 2
1121 2764 5
1121 2767 0
1121 2774 0
1121 2777 3
1121 2780 3
1121 2781 1
1121 2787 5
1121 2791 5
1121 2800 0
1121 2807 1
1121 2811 4
1121 2837 2
1121 2839 4
1121 2841 0
1121 2842 0
1121 2845 1
1121 2849 0
1121 2853 2
1121 2856 0
1121 2872 1
1121 2874 3
1121 2875 4
1121 2878 2
1121 2888 2
1121 2896 3
1121 2913 1
1121 2916 3
1121 2918 0
1121 2923 5
1121 2929 4
1121 2931 3
1121 2932 4
1121 2934 5
1121 2940 4
1121 2945 2
1121 2948 5
1121 2950 3
1121 2951 5
1121 2954 0
1121 2958 0
1121 2960 5
1121 2963 3
1121 2965 5
1121 2968 4
1121 2973 3
1121 2977 4
1121 2986 0
1121 3006 4
1121 3011 2
1121 3015 5
1121 3018 1
1121 3022 5
1121 3032 5
1121 3038 2
1121 3043 4
1121 3065 4
1121 3072 1
1121 3076 4
1121 3087 3
1121 3089 4
1121 3098 4
1121 3103 1
1121 3104 5
1121 3115 2
1121 3120 0
1121 3121 0
1121 3123 0
1121 3129 4
1121 3138 1
1121 3140 3
1121 3141 3
1121 3152 0
1121 3153 1
1121 3169 2
1121 3174 1
1121 3176 2
1121 3177 3
1121 3180 4
1121 3191 5
1121 3197 4
1121 3206 4
1121 3207 2
1121 3225 1
1121 3228 2
1121 3233 3
1121 3234 0
1121 3235 4
1121 3251 3
1121 3252 5
1121 3259 3
1121 3263 1
1121 3274 3
1121 3278 1
1121 3294 1
1121 3295 4
1121 3298 3
1121 3301 0
1121 3305 2
1121 3328 1
1121 3335 3
1121 3338 1
1121 3342 3
1121 3343 2
1121 3357 0
1121 3358 5
1121 3359 4
1121 3364 0
1121 3380 2
1121 3385 0
1121 3395 5
1121 3410 2
1121 3425 3
1121 3429 4
1121 3437 3
1121 3441 0
1121 3442 0
1121 3453 5
1121 3459 0
1121 3460 3
1121 3465 3
1121 3475 3
1121 3476 5
1121 3478 2
1121 3483 0
1121 3487 0
1121 3492 1
1121 3496 1
1121 3498 5
1121 3515 4
1121 3520 5
1121 3521 0
1121 3529 5
1121 3539 5
1121 3545 1
1121 3555 3
1121 3559 2
1121 3569 1
1121 3571 5
1121 3572 0
1121 3592 1
1121 3595 2
1121 3598 4
1121 3620 4
1121 3623 2
1121 3624 5
1121 3632 3
1121 3646 3
1121 3655 2
1121 3661 3
1121 3669 5
1121 3670 0
1121 3686 4
1121 3688 2
1121 3696 3
1121 3704 3
1121 3709 4
1121 3716 2
1121 3720 4
1121 3723 3
1121 3725 3
1121 3738 2
1121 3739 1
1121 3752 2
1121 3762 5
1121 3766 1
1121 3767 3
1121 3771 3
1121 3788 0
1121 3789 3
1121 3796 5
1121 3802 3
1121 3805 5
1121 3830 5
1121 3834 1
1121 3838 0
1121 3839 5
1121 3845 2
1121 3850 0
1121 3854 4
1121 3855 2
1121 3858 3
1121 3859 1
1121 3868 3
1121 3871 2
1121 3878 4
1121 3882 0
1121 3893 1
1121 3904 3
1121 3905 3
1121 3909 1
1121 3915 2
1121 3917 4
1121 3928 4
1121 3933 2
1121 3937 5
1121 3944 0
1121 3955 2
1121 3957 3
1121 3971 2
1121 3982 3
1121 3992 4
1121 3993 2
1121 4010 4
1121 4017 3
1121 4019 3
1121 4026 0
1121 4030 5
1121 4035 0
1121 4036 4
1121 4037 1
1121 4047 0
1121 4052 2
1121 4056 0
1121 4061 5
1121 4070 0
1121 4078 3
1121 4085 4
1121 4091 0
1121 4095 5
1121 4099 1
1121 4104 1
1121 4106 4
1121 4109 3
1121 4121 2
1121 4130 3
1121 4136 4
1121 4137 0
1121 4140 2
1121 4150 2
1121 4154 1
1121 4155 3
1121 4171 1
1121 4191 2
1121 4195 0
1121 4215 0
1121 4218 0
1121 4221 3
1121 4231 5
1121 4235 3
1121 4237 0
1121 4245 3
1121 4247 5
1121 4250 3
1121 4256 4
1121 4262 4
1121 4278 2
1121 4284 1
1121 4289 4
1121 4293 0
1121 4295 4
1121 4307 4
1121 4308 1
1121 4311 2
1121 4315 0
1121 4318 1
1121 4323 0
1121 4324 3
1121 4331 5
1121 4334 0
1121 4355 0
1121 4356 2
1121 4366 0
1121 4367 0
1121 4370 1
1121 4375 3
1121 4384 1
1121 4388 1
1121 4391 5
1121 4411 3
1121 4416 5
1121 4425 5
1121 4427 5
1121 4440 0
1121 4445 0
1121 4448 5
1121 4450 3
1121 4457 1
1121 4459 3
1121 4461 5
1121 4463 2
1121 4481 1
1121 4484 5
1121 4498 0
1121 4506 3
1121 4509 2
1121 4524 2
1121 4530 2
1121 4536 0
1121 4548 5
1121 4562 4
1121 4567 4
1121 4569 3
1121 4570 2
1121 4573 2
1121 4581 1
1121 4595 5
1121 4597 1
1121 4599 3
1121 4605 5
1121 4612 0
1121 4613 1
1121 4623 1
1121 4627 4
1121 4629 5
1121 4631 0
1121 4632 0
1121 4646 1
1121 4648 4
1121 4649 3
1121 4650 4
1121 4655 0
1121 4657 2
1121 4658 3
1121 4670 1
1121 4672 4
1121 4688 3
1121 4693 1
1121 4715 1
1121 4718 4
1121 4729 1
1121 4737 3
1121 4743 5
1121 4767 0
1121 4769 0
1121 4777 3
1121 4792 5
1121 4796 3
1121 4797 2
1121 4799 2
1121 4801 0
1121 4803 2
1121 4804 5
1121 4809 5
1121 4811 4
1121 4822 1
1121 4830 4
1121 4844 2
1121 4863 3
1121 4867 5
1121 4873 4
1121 4877 0
1121 4879 0
1121 4883 3
1121 4890 0
1121 4893 4
1121 4900 2
1121 4905 1
1121 4907 2
1121 4912 5
1121 4914 4
1121 4915 2
1121 4916 4
1121 4922 3
1121 4924 4
1121 4927 2
1121 4941 0
1121 4943 3
1121 4951 5
1121 4961 4
1121 4968 4
1121 4969 0
1121 4973 0
1121 4987 3
1121 4997 5
1121 5007 5
1121 5009 2
1121 5016 5
1121 5018 2
1121 5029 5
1121 5039 0
1121 5046 0
1121 5059 1
1121 5067 2
1121 5068 2
1121 5073 1
1121 5075 1
1121 5090 5
1121 5092 4
1121 5093 4
1121 5096 1
1121 5098 1
1121 5107 5
1121 5110 1
1121 5129 3
1121 5143 5
1121 5150 3
1121 5151 1
1121 5171 1
1121 5189 0
1121 5195 0
1121 5206 1
1121 5227 2
1121 5237 3
1121 5240 4
1121 5258 0
1121 5260 4
1121 5276 5
1121 5298 1
1121 5299 1
1121 5305 0
1121 5310 4
1121 5317 3
1121 5319 4
1121 5330 0
1121 5334 1
1121 5345 3
1121 5357 4
1121 5360 0
1121 5364 0
1121 5371 3
1121 5372 4
1121 5387 4
1121 5392 4
1121 5396 5
1121 5400 4
1121 5401 0
1121 5407 4
1121 5411 0
1121 5419 3
1121 5436 0
1121 5439 3
1121 5442 5
1121 5443 0
1121 5444 3
1121 5461 4
1121 5468 1
1121 5470 5
1121 5496 3
1121 5499 5
1121 5506 2
1121 5512 3
1121 5514 2
1121 5525 4
1121 5530 4
1121 5531 4
1121 5536 3
1121 5541 3
1121 5548 2
1121 5553 5
1121 5560 1
1121 5575 0
1121 5581 2
1121 5586 3
1121 5608 5
1121 5612 5
1121 5616 4
1121 5620 4
1121 5625 1
1121 5626 0
1121 5632 2
1121 5635 5
1121 5637 4
1121 5649 3
1121 5650 3
1121 5661 1
1121 5664 1
1121 5680 3
1121 5688 4
1121 5700 0
1121 5711 0
1121 5729 4
1121 5733 5
1121 5740 1
1121 5756 3
1121 5762 1
1121 5763 3
1121 5764 5
1121 5766 4
1121 5768 4
1121 5784 4
1121 5789 2
1121 5800 2
1121 5814 4
1121 5835 5
1121 5840 4
1121 5845 5
1121 5851 0
1121 5861 5
1121 5874 0
1121 5885 3
1121 5886 5
1121 5906 5
1121 5920 3
1121 5928 0
1121 5937 5
1121 5952 4
1121 5963 4
1121 5967 0
1121 5980 5
1121 6000 3
1121 6005 0
1121 6013 1
1121 6017 2
1121 6020 1
1121 6034 4
1121 6063 5
1121 6077 5
1121 6082 2
1121 6110 4
1121 6112 5
1121 6125 0
1121 6128 3
1121 6145 1
1121 6148 4
1121 6153 3
1121 6179 4
1121 6180 5
1121 6189 5
1121 6193 5
1121 6208 3
1121 6209 0
1121 6210 0
1121 6212 3
1121 6225 5
1121 6226 3
1121 6233 1
1121 6249 3
1121 6257 4
1121 6262 1
1121 6287 2
1121 6298 1
1121 6300 2
1121 6309 4
1121 6311 0
1121 6327 1
1121 6329 0
1121 6339 3
1121 6358 4
1121 6377 2
1121 6381 0
1121 6382 0
1121 6403 5
1121 6417 0
1121 6420 3
1121 6435 5
1121 6440 2
1121 6468 2
1121 6471 2
1121 6476 5
1121 6480 5
1121 6484 2
1121 6490 0
1121 6491 0
1121 6495 5
1121 6497 1
1121 6501 2
1121 6504 2
1121 6511 1
1121 6523 0
1121 6524 5
1121 6530 3
1121 6542 4
1121 6549 3
1121 6556 1
1121 6558 1
1121 6578 4
1121 6581 3
1121 6590 2
1121 6592 4
1121 6596 3
1121 6598 5
1121 6600 4
1121 6616 3
1121 6621 0
1121 6622 1
1121 6624 3
1121 6646 2
1121 6661 0
1121 6673 0
1121 6676 4
1121 6677 0
1121 6695 3
1121 6696 0
1121 6710 4
1121 6724 2
1121 6731 3
1121 6743 3
1121 6766 1
1121 6771 2
1121 6782 3
1121 6785 1
1121 6787 2
1121 6808 0
1121 6814 0
1121 6819 4
1121 6839 5
1121 6846 5
1121 6855 4
1121 6856 2
1121 6862 4
1121 6877 5
1121 6883 1
1121 6885 5
1121 6907 1
1121 6921 4
1121 6925 5
1121 6932 3
1121 6955 0
1121 6965 5
1121 6976 2
1121 6987 3
1121 7006 3
1121 7030 3
1121 7036 4
1121 7057 1
1121 7063 4
1121 7067 2
1121 7074 4
1121 7077 0
1121 7086 5
1121 7088 1
1121 7090 1
1121 7096 4
1121 7103 5
1121 7107 1
1121 7111 4
1121 7126 5
1121 7151 0
1121 7157 1
1121 7164 5
1121 7165 2
1121 7179 3
1121 7181 2
1121 7184 2
1121 7191 2
1121 7195 4
1121 7199 1
1121 7220 5
1121 7230 2
1121 7242 2
1121 7258 2
1121 7263 2
1121 7265 3
1121 7282 4
1121 7285 5
1121 7289 1
1121 7310 5
1121 7332 4
1121 7335 5
1121 7360 3
1121 7379 0
1121 7389 1
1121 7399 0
1121 7417 3
1121 7424 1
1121 7428 2
1121 7445 1
1121 7454 4
1121 7456 3
1121 7462 5
1121 7472 3
1121 7473 4
1121 7485 2
1121 7521 0
1121 7547 4
1121 7551 5
1121 7562 1
1121 7571 3
1121 7582 2
1121 7626 1
1121 7656 2
1121 7672 3
1121 7710 4
1121 7718 3
1121 7721 5
1121 7724 3
1121 7728 2
1121 7735 2
1121 7737 0
1121 7738 4
1121 7753 1
1121 7761 4
1121 7794 4
1121 7799 0
1121 7803 2
1121 7825 3
1121 7834 3
1121 7839 1
1121 7849 4
1121 7855 4
1121 7858 3
1121 7860 4
1121 7873 0
1121 7878 0
1121 7887 5
1121 7888 5
1121 7889 2
1121 7899 0
1121 7934 5
1121 7950 4
1121 7963 0
1121 7964 3
1121 7965 4
1121 7971 1
1121 7992 5
1121 7994 2
1121 7996 4
1121 8000 0
1121 8011 1
1121 8013 2
1121 8020 3
1121 8021 0
1121 8034 3
1121 8053 4
1121 8061 5
1121 8075 0
1121 8082 2
1121 8087 2
1121 8099 4
1121 8120 1
1121 8121 1
1121 8149 0
1121 8175 2
1121 8177 4
1121 8209 3
1121 8227 5
1121 8231 2
1121 8248 4
1121 8256 3
1121 8260 3
1121 8266 1
1121 8269 2
1121 8272 1
1121 8287 3
1121 8291 4
1121 8308 0
1121 8322 1
1121 8328 5
1121 8343 1
1121 8355 3
1121 8357 2
1121 8361 5
1121 8390 1
1121 8402 0
1121 8406 5
1121 8413 4
1121 8436 0
1121 8457 0
1121 8466 2
1121 8475 3
1121 8491 2
1121 8519 2
1121 8537 2
1121 8591 5
1121 8592 2
1121 8594 4
1121 8595 1
1121 8600 3
1121 8603 5
1121 8614 1
1121 8628 2
1121 8632 2
1121 8650 0
1121 8703 5
1121 8728 0
1121 8761 0
1121 8806 1
1121 8809 1
1121 8816 4
1121 8822 2
1121 8830 3
1121 8834 3
1121 8874 1
1121 8882 3
1121 8917 4
1121 8948 3
1121 8972 5
1121 8973 4
1121 8993 5
1121 8997 1
1121 9039 3
1121 9080 1
1121 9131 2
1121 9173 1
1121 9190 3
1121 9192 3
1121 9202 2
1121 9218 5
1121 9226 0
1121 9244 4
1121 9268 3
1121 9276 4
1121 9295 4
1121 9296 5
1121 9326 3
1121 9341 3
1121 9361 0
1121 9381 2
1121 9452 0
1121 9457 2
1121 9459 3
1121 9513 4
1121 9552 4
1121 9553 1
1121 9588 0
1121 9609 5
1121 9646 1
1121 9740 3
1121 9841 4
1121 9871 3
1121 9887 1
1121 9890 5
1121 9892 0
1121 9958 3
1121 9965 1
1121 9977 2
1121 9996 0
1121 10015 2
1121 10037 5
1121 10060 0
1121 10062 4
1121 10063 1
1121 10079 0
1121 10083 5
1121 10169 3
1121 10372 4
1121 10373 2
1121 10414 1
1121 10426 2
1121 10450 1
1121 10503 3
1121 10633 3
1121 10694 2
1121 10756 0
1121 10762 5
1121 10789 3
1121 10799 2
1121 10812 4
1121 10840 4
1121 10855 4
1121 10940 5
1121 10986 2
1121 11081 0
1121 11108 1
1121 11193 4
1121 11292 1
1121 11303 4
1121 11382 0
1121 11821 3
1121 11965 1
1121 11988 4
1121 12191 2
1121 12213 2
1121 12338 0
1121 12372 2
1121 12998 2
1121 13096 5
1121 13342 4
1121 16019 4
1121 16019 4