# UID MID Rating
409 0 4
409 1 3
409 2 5
409 3 2
409 4 0
409 5 3
409 6 1
409 7 2
409 8 0
409 9 4
409 10 5
409 11 4
409 12 3
409 13 3
409 14 4
409 15 4
409 16 1
409 17 5
409 18 3
409 19 5
409 20 1
409 21 3
409 22 3
409 23 2
409 24 5
409 25 3
409 26 1
409 27 0
409 28 2
409 29 0
409 30 2
409 31 2
409 32 0
409 33 0
409 34 4
409 35 0
409 36 5
409 37 2
409 38 5
409 39 1
409 40 2
409 41 4
409 42 2
409 43 2
409 44 1
409 45 1
409 46 2
409 47 1
409 48 0
409 49 4
409 50 2
409 51 2
409 52 3
409 53 1
409 54 3
409 55 3
409 56 0
409 57 0
409 58 5
409 59 1
409 60 0
409 61 3
409 62 5
409 63 0
409 64 0
409 65 1
409 66 5
409 67 1
409 68 4
409 69 4
409 70 3
409 71 0
409 72 5
409 73 2
409 74 3
409 75 0
409 76 1
409 77 2
409 79 5
409 80 1
409 81 4
409 82 4
409 83 0
409 84 1
409 85 0
409 86 4
409 87 1
409 88 3
409 89 3
409 90 3
409 91 2
409 92 3
409 93 4
409 94 1
409 95 4
409 96 3
409 97 4
409 98 2
409 99 3
409 100 0
409 101 2
409 102 5
409 103 3
409 104 0
409 105 0
409 107 2
409 108 2
409 109 5
409 110 3
409 111 5
409 112 3
409 113 3
409 114 2
409 115 0
409 116 2
409 117 4
409 118 3
409 119 5
409 120 5
409 121 5
409 122 3
409 123 5
409 124 0
409 125 5
409 126 0
409 127 0
409 128 5
409 129 2
409 131 0
409 132 2
409 133 1
409 134 1
409 135 5
409 136 2
409 137 3
409 138 2
409 140 1
409 141 1
409 142 2
409 143 0
409 144 4
409 145 0
409 146 5
409 147 1
409 148 1
409 149 3
409 150 2
409 151 3
409 153 5
409 154 5
409 155 2
409 156 1
409 157 5
409 158 4
409 159 3
409 160 5
409 161 4
409 162 1
409 163 3
409 164 2
409 165 4
409 166 3
409 167 2
409 168 0
409 169 3
409 170 2
409 171 2
409 172 5
409 173 2
409 174 2
409 175 4
409 176 0
409 177 5
409 178 2
409 179 5
409 180 1
409 181 5
409 183 4
409 184 2
409 185 2
409 186 0
409 187 0
409 189 3
409 191 4
409 192 4
409 193 0
409 194 1
409 195 1
409 196 1
409 197 3
409 198 4
409 199 4
409 200 4
409 201 0
409 202 4
409 203 5
409 204 4
409 205 3
409 206 5
409 207 0
409 208 5
409 209 1
409 210 5
409 211 2
409 212 1
409 213 5
409 214 3
409 216 3
409 217 2
409 218 0
409 220 2
409 221 5
409 222 3
409 223 3
409 224 2
409 225 5
409 226 0
409 227 2
409 228 2
409 229 4
409 230 1
409 232 5
409 233 5
409 235 1
409 236 0
409 237 5
409 238 0
409 239 0
409 240 3
409 241 2
409 242 1
409 243 5
409 245 5
409 246 1
409 247 5
409 248 3
409 249 3
409 250 2
409 251 1
409 252 1
409 253 3
409 254 1
409 255 4
409 258 1
409 259 0
409 260 2
409 263 3
409 264 1
409 265 1
409 266 0
409 267 3
409 268 4
409 269 5
409 271 0
409 272 3
409 273 2
409 274 5
409 275 5
409 276 1
409 277 0
409 278 3
409 279 2
409 280 3
409 281 3
409 282 3
409 283 3
409 284 4
409 285 0
409 286 0
409 287 2
409 288 2
409 289 3
409 290 1
409 291 3
409 292 3
409 293 2
409 296 3
409 297 5
409 299 0
409 300 5
409 301 0
409 302 1
409 304 5
409 305 2
409 306 0
409 307 0
409 308 3
409 309 4
409 310 2
409 312 2
409 313 3
409 314 5
409 315 2
409 316 2
409 319 4
409 320 2
409 321 5
409 322 5
409 323 1
409 324 5
409 326 4
409 327 2
409 328 1
409 329 5
409 330 4
409 331 4
409 332 5
409 333 1
409 334 2
409 335 3
409 336 0
409 337 4
409 338 5
409 339 5
409 340 3
409 341 2
409 342 5
409 343 3
409 344 0
409 345 2
409 346 4
409 348 5
409 350 2
409 351 5
409 353 3
409 354 0
409 355 3
409 356 2
409 357 3
409 358 3
409 359 4
409 360 4
409 361 2
409 362 2
409 363 4
409 364 5
409 365 4
409 366 5
409 368 1
409 369 2
409 370 2
409 371 3
409 372 4
409 374 1
409 375 5
409 376 5
409 377 0
409 378 3
409 379 4
409 380 3
409 381 1
409 382 1
409 383 4
409 385 4
409 387 2
409 388 4
409 390 1
409 392 3
409 393 3
409 395 2
409 396 4
409 397 5
409 398 3
409 399 2
409 400 3
409 401 5
409 402 5
409 403 5
409 404 2
409 405 4
409 408 0
409 410 4
409 411 2
409 412 0
409 416 0
409 417 2
409 420 2
409 422 2
409 423 5
409 424 2
409 425 5
409 426 5
409 428 4
409 429 2
409 431 5
409 432 2
409 433 3
409 434 1
409 435 4
409 436 3
409 437 1
409 438 3
409 440 4
409 441 5
409 442 2
409 443 4
409 444 1
409 445 4
409 446 1
409 448 1
409 449 3
409 450 2
409 452 0
409 453 3
409 454 5
409 456 5
409 457 3
409 458 3
409 460 4
409 462 0
409 463 0
409 464 1
409 467 4
409 468 3
409 469 5
409 470 0
409 471 0
409 472 0
409 473 5
409 474 4
409 477 5
409 478 4
409 479 0
409 481 0
409 482 2
409 483 0
409 484 3
409 485 3
409 486 3
409 487 5
409 488 0
409 490 0
409 491 2
409 495 3
409 496 3
409 497 3
409 498 5
409 501 4
409 502 2
409 505 3
409 506 2
409 507 2
409 509 1
409 510 2
409 511 2
409 512 4
409 513 1
409 514 1
409 516 5
409 517 1
409 518 1
409 520 1
409 522 0
409 523 3
409 526 3
409 527 2
409 530 2
409 533 5
409 534 3
409 538 0
409 539 2
409 542 4
409 543 4
409 545 0
409 546 2
409 547 2
409 550 2
409 551 5
409 553 0
409 554 4
409 555 3
409 556 1
409 558 1
409 563 3
409 565 0
409 566 1
409 567 3
409 568 2
409 569 1
409 570 1
409 573 2
409 579 3
409 580 4
409 581 1
409 583 5
409 584 1
409 585 5
409 587 2
409 591 3
409 592 4
409 593 4
409 595 4
409 596 1
409 597 2
409 598 2
409 599 0
409 600 0
409 603 0
409 605 1
409 608 1
409 609 4
409 610 0
409 613 0
409 614 1
409 615 1
409 616 2
409 618 5
409 619 2
409 620 4
409 623 2
409 625 3
409 626 2
409 627 4
409 629 2
409 630 4
409 631 2
409 632 0
409 633 3
409 634 4
409 635 5
409 636 0
409 638 3
409 639 3
409 641 4
409 642 0
409 645 2
409 646 0
409 647 2
409 649 2
409 650 4
409 652 0
409 653 5
409 654 3
409 655 2
409 656 4
409 658 3
409 659 0
409 664 4
409 667 4
409 669 0
409 672 0
409 675 0
409 676 0
409 678 2
409 682 2
409 686 0
409 689 2
409 690 2
409 691 3
409 692 2
409 693 4
409 695 2
409 696 4
409 697 2
409 698 5
409 700 5
409 701 3
409 702 3
409 705 4
409 706 1
409 707 4
409 710 3
409 713 4
409 714 3
409 719 0
409 722 1
409 724 1
409 725 0
409 729 5
409 731 5
409 734 3
409 737 1
409 738 5
409 740 4
409 741 2
409 743 0
409 745 2
409 746 0
409 748 5
409 749 2
409 750 4
409 751 4
409 752 0
409 753 2
409 757 2
409 758 5
409 759 2
409 761 2
409 762 5
409 763 5
409 765 4
409 767 0
409 768 0
409 769 3
409 770 1
409 771 5
409 772 3
409 773 3
409 775 3
409 777 5
409 778 1
409 780 1
409 781 3
409 782 3
409 784 2
409 786 2
409 789 1
409 791 0
409 792 1
409 793 3
409 794 2
409 797 5
409 798 0
409 802 0
409 803 2
409 805 5
409 806 0
409 807 4
409 809 4
409 810 5
409 811 5
409 812 0
409 813 1
409 814 4
409 817 5
409 820 1
409 821 2
409 823 2
409 827 0
409 828 4
409 833 1
409 834 2
409 835 1
409 836 3
409 838 3
409 845 5
409 846 4
409 847 3
409 849 3
409 852 2
409 854 1
409 855 3
409 857 4
409 859 2
409 862 3
409 865 3
409 867 4
409 870 0
409 871 0
409 872 0
409 873 5
409 874 3
409 875 3
409 876 0
409 882 0
409 883 3
409 886 0
409 889 4
409 893 1
409 895 5
409 896 1
409 897 5
409 898 1
409 899 4
409 900 3
409 903 0
409 905 3
409 906 2
409 907 3
409 908 0
409 913 1
409 914 3
409 916 3
409 922 1
409 923 3
409 924 1
409 926 1
409 927 0
409 929 1
409 930 4
409 933 4
409 941 4
409 943 4
409 946 1
409 948 2
409 951 0
409 952 4
409 954 2
409 958 3
409 961 0
409 962 0
409 964 3
409 965 0
409 966 1
409 968 2
409 970 2
409 974 0
409 975 3
409 977 2
409 978 2
409 979 3
409 980 4
409 981 5
409 982 0
409 986 0
409 987 5
409 988 1
409 989 0
409 990 0
409 992 4
409 993 2
409 994 5
409 995 2
409 996 0
409 997 0
409 1000 1
409 1003 4
409 1005 5
409 1006 3
409 1007 5
409 1009 5
409 1015 4
409 1022 2
409 1027 0
409 1030 4
409 1033 5
409 1035 2
409 1039 5
409 1045 1
409 1046 2
409 1047 5
409 1048 5
409 1049 1
409 1050 1
409 1054 0
409 1062 5
409 1066 3
409 1084 0
409 1087 0
409 1095 4
409 1099 4
409 1101 1
409 1103 1
409 1109 4
409 1112 5
409 1113 1
409 1114 1
409 1115 0
409 1116 2
409 1120 5
409 1122 5
409 1123 2
409 1126 1
409 1131 5
409 1135 5
409 1140 1
409 1144 1
409 1147 2
409 1148 4
409 1150 2
409 1155 0
409 1159 3
409 1161 0
409 1165 5
409 1170 2
409 1171 3
409 1173 4
409 1174 1
409 1179 5
409 1187 4
409 1188 0
409 1196 4
409 1199 0
409 1200 2
409 1202 2
409 1203 4
409 1205 1
409 1207 5
409 1208 3
409 1212 5
409 1219 5
409 1226 1
409 1227 4
409 1230 2
409 1231 0
409 1232 2
409 1233 0
409 1235 3
409 1238 3
409 1252 1
409 1253 5
409 1256 3
409 1258 4
409 1263 0
409 1268 5
409 1271 0
409 1274 2
409 1275 1
409 1280 1
409 1300 1
409 1303 4
409 1305 0
409 1306 3
409 1315 2
409 1321 0
409 1322 1
409 1326 1
409 1327 2
409 1329 1
409 1331 2
409 1335 4
409 1338 2
409 1341 3
409 1343 3
409 1356 2
409 1358 2
409 1361 4
409 1364 4
409 1369 0
409 1374 0
409 1382 5
409 1389 4
409 1390 0
409 1391 5
409 1392 2
409 1403 4
409 1405 4
409 1407 5
409 1417 1
409 1423 0
409 1424 1
409 1425 1
409 1432 1
409 1434 1
409 1435 4
409 1437 5
409 1443 0
409 1445 3
409 1446 1
409 1448 5
409 1451 3
409 1452 5
409 1460 3
409 1463 5
409 1467 4
409 1468 4
409 1471 2
409 1475 3
409 1476 3
409 1479 5
409 1486 1
409 1496 0
409 1499 5
409 1502 1
409 1511 4
409 1513 0
409 1516 4
409 1517 2
409 1518 4
409 1530 1
409 1534 0
409 1535 2
409 1538 2
409 1540 5
409 1550 1
409 1556 3
409 1557 0
409 1565 3
409 1568 0
409 1580 1
409 1584 4
409 1586 2
409 1598 3
409 1599 5
409 1608 4
409 1609 3
409 1610 5
409 1612 2
409 1614 0
409 1621 2
409 1625 4
409 1629 2
409 1631 5
409 1632 2
409 1634 4
409 1636 3
409 1647 1
409 1661 4
409 1662 0
409 1667 2
409 1674 0
409 1678 4
409 1679 5
409 1681 2
409 1682 1
409 1686 5
409 1695 3
409 1702 4
409 1703 0
409 1705 4
409 1706 3
409 1708 1
409 1711 0
409 1715 2
409 1721 0
409 1725 4
409 1738 1
409 1745 3
409 1751 1
409 1762 2
409 1769 5
409 1777 4
409 1778 4
409 1780 0
409 1784 3
409 1786 5
409 1788 1
409 1790 2
409 1791 5
409 1797 1
409 1812 2
409 1815 4
409 1821 4
409 1826 2
409 1829 0
409 1833 1
409 1841 2
409 1845 0
409 1847 4
409 1849 2
409 1850 0
409 1859 4
409 1870 0
409 1879 2
409 1893 1
409 1908 2
409 1910 0
409 1914 1
409 1920 2
409 1923 2
409 1924 5
409 1925 1
409 1933 1
409 1936 1
409 1938 2
409 1961 0
409 1962 1
409 1982 4
409 1983 0
409 1990 0
409 2004 4
409 2007 0
409 2026 1
409 2030 2
409 2034 5
409 2044 0
409 2045 5
409 2051 3
409 2060 3
409 2061 0
409 2071 1
409 2077 2
409 2079 0
409 2084 5
409 2091 0
409 2102 1
409 2109 2
409 2120 3
409 2133 2
409 2134 1
409 2139 4
409 2155 0
409 2181 1
409 2183 5
409 2189 0
409 2201 4
409 2203 4
409 2210 4
409 2223 4
409 2235 1
409 2242 2
409 2252 0
409 2269 4
409 2285 5
409 2287 2
409 2293 4
409 2302 2
409 2304 3
409 2311 3
409 2328 3
409 2337 1
409 2349 4
409 2382 2
409 2389 2
409 2402 0
409 2423 2
409 2430 0
409 2446 3
409 2469 2
409 2470 2
409 2476 5
409 2499 2
409 2506 1
409 2527 1
409 2557 1
409 2573 4
409 2582 3
409 2584 3
409 2589 2
409 2596 5
409 2607 1
409 2610 2
409 2619 2
409 2639 3
409 2642 2
409 2686 5
409 2687 2
409 2709 1
409 2713 5
409 2718 5
409 2722 2
409 2779 5
409 2788 0
409 2832 1
409 2875 1
409 2877 1
409 2922 2
409 2927 4
409 2961 4
409 2998 0
409 3005 0
409 3016 1
409 3077 1
409 3081 4
409 3083 2
409 3086 4
409 3088 2
409 3123 3
409 3156 3
409 3256 1
409 3285 2
409 3329 3
409 3364 3
409 3398 4
409 3409 0
409 3464 3
409 3508 3
409 3612 3
409 3639 4
409 3644 4
409 3690 2
409 3805 2
409 3851 2
409 3932 1
409 3939 0
409 3943 5
409 3967 2
409 4050 3
409 4093 2
409 4097 2
409 4161 2
409 4285 0
409 4296 3
409 4314 4
409 4336 1
409 4339 4
409 4354 1
409 4356 0
409 4452 5
409 4494 1
409 4568 3
409 4574 4
409 4638 2
409 4727 0
409 4842 5
409 5089 5
409 5301 4
409 5367 2
409 5388 3
409 5427 3
409 5443 5
409 5464 4
409 5504 0
409 5562 0
409 5632 1
409 5729 3
409 5824 4
409 6170 5
409 6300 3
409 6835 0
409 6961 0
409 6996 0
409 7035 1
409 7084 1
409 7279 1
409 7655 5
409 8606 1
409 9935 3
409 11224 1
409 14329 3
412 0 5
412 1 0
412 2 0
412 3 5
412 4 1
412 5 5
412 6 1
412 7 1
412 8 3
412 9 2
412 10 2
412 11 1
412 12 4
412 13 2
412 14 5
412 15 2
412 16 4
412 17 4
412 18 1
412 19 4
412 20 3
412 21 3
412 22 4
412 23 0
412 24 4
412 25 2
412 26 4
412 27 0
412 28 5
412 29 0
412 30 2
412 31 1
412 32 2
412 33 1
412 34 0
412 35 0
412 36 5
412 37 1
412 38 1
412 39 1
412 40 2
412 41 2
412 42 4
412 43 1
412 44 3
412 45 2
412 46 0
412 47 1
412 48 3
412 49 3
412 50 1
412 51 5
412 52 1
412 53 4
412 54 4
412 55 3
412 56 5
412 57 2
412 58 2
412 59 3
412 60 3
412 61 4
412 62 5
412 63 3
412 64 0
412 65 3
412 66 4
412 67 2
412 68 1
412 69 5
412 70 2
412 71 2
412 72 4
412 73 0
412 74 0
412 75 5
412 76 0
412 77 1
412 79 0
412 80 4
412 81 3
412 82 0
412 83 0
412 84 3
412 85 2
412 86 4
412 87 5
412 88 1
412 89 4
412 90 0
412 91 2
412 92 1
412 93 1
412 94 4
412 95 1
412 96 3
412 97 5
412 98 5
412 101 2
412 102 4
412 103 1
412 104 1
412 105 2
412 106 2
412 107 5
412 108 5
412 109 4
412 110 4
412 111 0
412 112 4
412 113 4
412 114 0
412 115 0
412 116 3
412 117 3
412 118 2
412 120 2
412 121 3
412 122 4
412 124 5
412 125 3
412 126 1
412 127 2
412 128 1
412 129 2
412 130 5
412 131 1
412 132 1
412 133 5
412 134 4
412 135 3
412 138 2
412 139 5
412 140 4
412 141 3
412 142 0
412 143 4
412 144 3
412 145 2
412 146 1
412 148 2
412 149 5
412 150 2
412 151 4
412 153 2
412 155 5
412 159 1
412 160 5
412 161 5
412 162 3
412 164 2
412 165 0
412 167 3
412 169 5
412 170 0
412 172 2
412 174 2
412 176 5
412 178 2
412 179 1
412 181 0
412 182 1
412 183 0
412 184 1
412 185 3
412 187 2
412 189 0
412 190 3
412 191 3
412 193 5
412 194 2
412 195 1
412 196 5
412 198 2
412 199 3
412 202 2
412 203 3
412 204 3
412 209 3
412 210 1
412 211 0
412 212 5
412 214 3
412 215 1
412 216 0
412 217 0
412 218 5
412 219 4
412 220 2
412 221 4
412 222 3
412 223 5
412 224 3
412 225 4
412 227 0
412 229 0
412 233 3
412 234 5
412 235 3
412 236 5
412 238 3
412 239 5
412 240 1
412 241 3
412 243 4
412 244 5
412 246 0
412 249 3
412 250 2
412 252 3
412 253 2
412 257 4
412 259 4
412 260 4
412 261 5
412 262 5
412 263 0
412 264 0
412 265 0
412 269 5
412 270 2
412 271 3
412 272 0
412 274 3
412 277 5
412 278 4
412 279 0
412 282 1
412 283 2
412 287 2
412 288 3
412 289 0
412 290 0
412 292 0
412 293 2
412 297 0
412 298 2
412 299 5
412 300 4
412 301 3
412 304 0
412 306 2
412 308 5
412 310 3
412 311 4
412 312 3
412 313 4
412 314 1
412 317 0
412 319 5
412 324 0
412 326 2
412 328 0
412 329 3
412 330 1
412 331 3
412 332 5
412 333 3
412 334 2
412 335 4
412 340 3
412 343 3
412 344 3
412 347 3
412 348 5
412 349 1
412 350 3
412 353 5
412 354 3
412 355 0
412 357 3
412 359 3
412 361 1
412 362 2
412 363 2
412 364 5
412 368 1
412 369 1
412 371 1
412 372 4
412 373 0
412 375 1
412 378 0
412 380 2
412 383 2
412 385 1
412 386 1
412 387 5
412 389 1
412 390 0
412 395 5
412 396 4
412 397 1
412 398 0
412 400 3
412 402 1
412 403 3
412 404 2
412 411 0
412 415 0
412 419 0
412 420 5
412 422 1
412 423 0
412 424 2
412 425 1
412 426 5
412 427 1
412 430 2
412 431 2
412 432 3
412 433 4
412 434 0
412 435 3
412 436 5
412 437 3
412 438 4
412 442 4
412 444 0
412 449 2
412 452 3
412 454 1
412 455 2
412 457 5
412 458 2
412 459 3
412 465 1
412 468 5
412 469 4
412 471 3
412 472 1
412 473 2
412 474 0
412 475 3
412 478 1
412 479 2
412 482 3
412 483 0
412 484 4
412 486 4
412 488 4
412 489 3
412 490 4
412 492 2
412 493 0
412 495 1
412 496 4
412 497 5
412 498 1
412 500 1
412 501 2
412 502 4
412 503 3
412 504 3
412 509 1
412 510 0
412 514 0
412 515 2
412 518 5
412 520 3
412 521 4
412 525 3
412 531 5
412 535 4
412 537 2
412 540 4
412 542 0
412 543 4
412 544 1
412 545 5
412 548 5
412 549 5
412 550 0
412 557 0
412 564 2
412 565 4
412 567 4
412 568 3
412 570 5
412 579 2
412 581 2
412 582 5
412 583 0
412 594 3
412 595 1
412 596 5
412 598 5
412 599 2
412 600 2
412 601 5
412 603 5
412 605 5
412 608 0
412 609 3
412 613 4
412 616 5
412 617 4
412 619 2
412 620 0
412 623 5
412 627 5
412 630 3
412 632 2
412 644 1
412 655 2
412 661 2
412 662 2
412 666 3
412 667 1
412 670 5
412 671 5
412 672 2
412 675 5
412 676 4
412 677 2
412 679 0
412 680 5
412 686 3
412 691 5
412 701 4
412 703 5
412 705 4
412 712 5
412 719 0
412 721 4
412 725 0
412 727 5
412 733 0
412 735 0
412 738 5
412 755 3
412 758 3
412 763 3
412 766 4
412 767 3
412 773 2
412 774 0
412 781 1
412 782 4
412 797 1
412 805 4
412 809 4
412 811 2
412 812 2
412 816 5
412 819 4
412 820 4
412 837 3
412 839 4
412 845 0
412 848 0
412 851 4
412 852 4
412 857 0
412 858 0
412 860 5
412 868 2
412 869 1
412 870 5
412 871 5
412 878 1
412 884 1
412 893 0
412 901 5
412 907 2
412 913 3
412 920 5
412 921 1
412 945 1
412 952 0
412 962 0
412 968 0
412 973 2
412 986 0
412 1028 1
412 1030 0
412 1047 5
412 1049 5
412 1051 4
412 1057 5
412 1060 2
412 1066 1
412 1070 3
412 1086 4
412 1094 3
412 1105 3
412 1113 0
412 1134 0
412 1145 3
412 1149 3
412 1152 3
412 1161 1
412 1166 2
412 1173 1
412 1175 0
412 1177 0
412 1192 2
412 1198 2
412 1208 3
412 1246 3
412 1247 4
412 1252 3
412 1272 4
412 1275 2
412 1276 5
412 1282 4
412 1283 0
412 1289 4
412 1295 1
412 1331 0
412 1434 5
412 1436 4
412 1437 1
412 1442 1
412 1467 2
412 1475 3
412 1523 1
412 1528 5
412 1590 0
412 1599 1
412 1654 2
412 1760 2
412 1798 3
412 1829 1
412 1847 3
412 1873 5
412 2201 3
412 2250 2
412 2276 5
412 2341 1
412 2415 5
412 2647 1
412 2860 0
412 2879 4
412 2966 1
412 3048 0
412 3476 2
412 3657 1
412 3734 1
412 3811 5
412 3967 5
412 4325 3
412 4566 0
412 4571 5
412 4861 0
412 5085 3
412 6243 5
412 7359 3
412 8171 4
412 10310 0
412 10400 4
511 0 0
511 1 1
511 2 4
511 3 4
511 4 2
511 5 1
511 6 4
511 7 2
511 8 5
511 9 1
511 10 1
511 11 1
511 12 5
511 13 3
511 14 1
511 15 3
511 16 4
511 17 0
511 18 5
511 19 4
511 20 3
511 21 0
511 22 4
511 23 1
511 24 2
511 25 2
511 26 0
511 27 0
511 28 0
511 29 4
511 30 1
511 31 1
511 32 0
511 33 1
511 34 2
511 35 5
511 36 0
511 37 5
511 38 4
511 39 3
511 40 2
511 41 3
511 42 5
511 43 0
511 44 1
511 45 4
511 46 4
511 47 4
511 48 2
511 49 5
511 50 4
511 51 5
511 52 4
511 53 5
511 54 1
511 55 2
511 56 2
511 57 5
511 58 5
511 59 0
511 60 5
511 61 0
511 62 2
511 63 1
511 64 5
511 65 1
511 66 1
511 67 5
511 68 2
511 69 1
511 70 3
511 71 4
511 72 1
511 73 3
511 75 4
511 76 3
511 77 2
511 78 2
511 79 2
511 81 1
511 82 1
511 83 5
511 84 4
511 85 0
511 86 5
511 87 2
511 88 5
511 89 0
511 90 5
511 91 1
511 92 0
511 93 1
511 94 5
511 95 3
511 96 4
511 97 2
511 98 0
511 99 5
511 101 5
511 102 1
511 103 5
511 104 0
511 105 0
511 106 1
511 107 5
511 108 0
511 109 3
511 110 0
511 111 0
511 112 3
511 113 1
511 114 5
511 115 2
511 116 4
511 117 3
511 118 5
511 119 4
511 120 5
511 121 3
511 122 1
511 123 2
511 124 4
511 125 5
511 126 4
511 127 4
511 128 2
511 129 4
511 130 3
511 131 5
511 132 5
511 133 1
511 134 2
511 135 0
511 136 5
511 137 4
511 138 3
511 139 0
511 140 4
511 141 5
511 142 5
511 143 5
511 146 4
511 147 0
511 148 5
511 149 0
511 150 0
511 151 5
511 152 1
511 153 1
511 154 5
511 155 4
511 157 5
511 158 3
511 159 2
511 160 3
511 161 5
511 162 4
511 163 2
511 164 2
511 165 4
511 166 5
511 167 3
511 168 4
511 169 2
511 170 4
511 171 0
511 172 1
511 173 3
511 174 5
511 175 3
511 176 5
511 177 0
511 178 2
511 179 4
511 180 2
511 181 0
511 182 1
511 183 3
511 184 2
511 185 5
511 186 0
511 187 2
511 188 5
511 189 2
511 190 3
511 191 3
511 192 1
511 193 1
511 194 0
511 195 2
511 196 3
511 197 5
511 199 1
511 201 5
511 202 0
511 203 0
511 204 2
511 205 2
511 206 2
511 207 2
511 208 5
511 209 1
511 210 2
511 211 2
511 213 5
511 214 4
511 215 2
511 218 2
511 219 5
511 220 3
511 221 2
511 222 2
511 223 5
511 224 3
511 225 0
511 226 3
511 227 3
511 228 1
511 229 0
511 231 0
511 232 0
511 233 1
511 236 5
511 237 5
511 238 2
511 239 4
511 240 1
511 241 0
511 242 5
511 243 0
511 244 1
511 245 4
511 246 5
511 248 0
511 249 3
511 250 5
511 251 1
511 252 4
511 253 0
511 255 3
511 256 1
511 257 4
511 258 2
511 259 4
511 260 4
511 262 3
511 263 5
511 264 1
511 265 2
511 266 3
511 267 4
511 268 4
511 269 0
511 271 5
511 272 3
511 274 5
511 275 0
511 276 4
511 277 2
511 278 1
511 279 3
511 280 0
511 281 0
511 282 5
511 283 0
511 284 3
511 285 5
511 286 5
511 287 1
511 289 0
511 291 3
511 292 5
511 293 1
511 294 5
511 295 5
511 296 5
511 297 2
511 298 5
511 300 3
511 301 2
511 302 0
511 304 4
511 305 5
511 307 4
511 308 4
511 309 0
511 311 3
511 312 0
511 313 4
511 314 1
511 315 3
511 316 2
511 317 4
511 318 4
511 319 4
511 320 2
511 321 1
511 323 0
511 324 5
511 325 2
511 326 1
511 327 4
511 328 5
511 329 0
511 330 5
511 331 5
511 332 5
511 333 1
511 334 1
511 335 3
511 336 0
511 337 5
511 338 0
511 339 1
511 340 5
511 341 1
511 343 0
511 344 2
511 345 3
511 346 1
511 347 0
511 348 1
511 349 0
511 350 3
511 351 2
511 353 2
511 354 2
511 355 0
511 356 1
511 357 3
511 358 4
511 359 4
511 360 5
511 362 3
511 363 3
511 364 4
511 365 2
511 366 0
511 367 3
511 368 5
511 369 4
511 371 4
511 372 0
511 373 3
511 375 3
511 376 2
511 378 5
511 379 0
511 380 2
511 381 3
511 382 1
511 383 2
511 384 4
511 385 3
511 386 3
511 387 2
511 388 3
511 389 2
511 392 3
511 393 0
511 394 5
511 395 1
511 396 4
511 397 2
511 400 5
511 401 4
511 402 0
511 403 3
511 404 0
511 406 3
511 407 1
511 408 4
511 410 1
511 411 4
511 412 4
511 415 3
511 416 1
511 417 4
511 420 5
511 422 3
511 423 3
511 424 1
511 425 3
511 426 0
511 427 2
511 429 3
511 430 3
511 431 4
511 432 5
511 433 4
511 434 0
511 435 2
511 436 0
511 437 3
511 438 1
511 439 2
511 440 3
511 441 4
511 442 3
511 443 3
511 444 5
511 445 2
511 446 5
511 447 5
511 448 2
511 449 0
511 452 3
511 453 3
511 455 2
511 457 0
511 458 4
511 461 2
511 462 3
511 463 2
511 464 3
511 465 3
511 466 2
511 467 0
511 469 2
511 470 3
511 471 1
511 473 3
511 475 0
511 476 1
511 478 3
511 479 2
511 480 1
511 481 4
511 482 4
511 484 0
511 486 0
511 487 0
511 488 0
511 489 2
511 490 1
511 491 2
511 492 0
511 494 2
511 495 0
511 496 0
511 497 0
511 498 4
511 499 0
511 500 4
511 502 3
511 503 2
511 504 2
511 505 1
511 506 3
511 507 0
511 509 3
511 510 2
511 511 0
511 512 2
511 513 1
511 514 0
511 516 4
511 517 2
511 518 1
511 519 4
511 520 1
511 522 3
511 523 1
511 524 0
511 526 3
511 527 0
511 528 5
511 529 2
511 530 2
511 531 3
511 533 0
511 534 0
511 535 0
511 536 4
511 537 0
511 538 0
511 540 0
511 541 4
511 542 1
511 543 0
511 544 0
511 547 1
511 548 4
511 549 1
511 550 2
511 551 2
511 552 3
511 553 3
511 554 4
511 555 2
511 558 4
511 559 0
511 563 2
511 564 2
511 565 1
511 567 4
511 568 3
511 572 2
511 573 5
511 574 3
511 575 2
511 578 1
511 579 3
511 580 5
511 581 2
511 582 2
511 583 1
511 584 5
511 587 1
511 590 0
511 591 2
511 592 0
511 594 3
511 595 5
511 596 0
511 597 1
511 600 2
511 602 5
511 603 3
511 604 1
511 605 0
511 606 0
511 607 2
511 609 2
511 610 1
511 612 1
511 615 2
511 616 0
511 617 0
511 618 1
511 620 0
511 621 0
511 622 3
511 623 3
511 624 3
511 626 2
511 627 3
511 628 5
511 629 1
511 630 5
511 631 4
511 632 4
511 633 4
511 635 0
511 642 2
511 644 5
511 645 4
511 648 5
511 649 2
511 655 2
511 656 4
511 658 0
511 661 0
511 664 3
511 665 2
511 666 0
511 667 0
511 672 3
511 673 5
511 674 3
511 675 1
511 676 5
511 677 5
511 678 3
511 679 3
511 680 5
511 681 3
511 682 4
511 683 5
511 684 2
511 685 1
511 686 1
511 687 4
511 689 1
511 690 4
511 691 0
511 695 2
511 696 5
511 699 5
511 700 1
511 701 2
511 702 1
511 703 2
511 705 5
511 706 5
511 707 0
511 709 1
511 713 0
511 715 5
511 718 3
511 720 5
511 721 1
511 722 4
511 723 2
511 724 4
511 725 0
511 728 0
511 731 2
511 733 0
511 734 2
511 736 0
511 739 4
511 740 5
511 742 3
511 743 0
511 744 2
511 745 5
511 748 3
511 749 5
511 754 1
511 756 4
511 758 3
511 761 1
511 762 4
511 763 4
511 764 4
511 765 0
511 767 5
511 771 2
511 772 0
511 773 1
511 775 3
511 778 1
511 779 1
511 782 1
511 783 3
511 784 3
511 786 4
511 787 5
511 788 3
511 791 1
511 792 2
511 793 0
511 794 0
511 797 4
511 798 1
511 799 2
511 801 5
511 802 2
511 803 5
511 804 1
511 805 2
511 806 0
511 807 0
511 808 1
511 809 2
511 810 3
511 811 2
511 812 3
511 813 3
511 814 4
511 815 2
511 817 5
511 820 2
511 821 3
511 825 4
511 826 5
511 827 3
511 828 3
511 831 2
511 835 1
511 836 0
511 837 0
511 838 2
511 839 5
511 842 1
511 844 1
511 846 2
511 849 2
511 850 4
511 851 0
511 852 4
511 853 2
511 854 2
511 856 0
511 858 2
511 859 3
511 861 3
511 863 5
511 864 4
511 866 4
511 867 2
511 870 2
511 873 1
511 875 2
511 876 0
511 878 3
511 880 1
511 882 2
511 884 2
511 885 0
511 886 2
511 889 2
511 893 0
511 894 2
511 895 4
511 896 5
511 897 5
511 898 4
511 900 1
511 901 4
511 904 1
511 905 2
511 906 4
511 907 0
511 908 3
511 914 3
511 916 0
511 917 4
511 920 4
511 921 1
511 922 2
511 929 4
511 930 3
511 931 4
511 932 3
511 933 4
511 935 1
511 937 1
511 942 4
511 943 5
511 945 2
511 946 4
511 947 0
511 948 3
511 949 1
511 954 4
511 955 0
511 957 0
511 958 0
511 964 4
511 965 1
511 966 2
511 969 3
511 970 2
511 971 3
511 972 1
511 973 3
511 975 3
511 976 2
511 977 0
511 978 3
511 980 0
511 983 3
511 984 2
511 985 0
511 986 2
511 988 3
511 989 0
511 990 1
511 993 4
511 996 2
511 998 5
511 1000 1
511 1004 5
511 1005 1
511 1006 0
511 1008 0
511 1009 1
511 1010 3
511 1011 2
511 1012 1
511 1014 5
511 1016 1
511 1019 1
511 1022 4
511 1023 1
511 1025 0
511 1026 5
511 1027 2
511 1029 1
511 1030 4
511 1031 5
511 1032 5
511 1034 0
511 1035 4
511 1036 3
511 1039 1
511 1042 0
511 1045 1
511 1046 2
511 1048 2
511 1049 0
511 1051 0
511 1052 1
511 1054 2
511 1055 5
511 1056 5
511 1058 0
511 1059 2
511 1061 5
511 1062 3
511 1064 5
511 1066 2
511 1069 1
511 1070 1
511 1071 0
511 1072 0
511 1074 3
511 1078 0
511 1080 5
511 1081 3
511 1084 3
511 1086 2
511 1089 1
511 1095 3
511 1098 4
511 1099 5
511 1100 4
511 1101 1
511 1102 5
511 1103 1
511 1104 4
511 1106 0
511 1109 3
511 1110 1
511 1111 1
511 1112 2
511 1113 5
511 1114 5
511 1115 2
511 1118 0
511 1120 0
511 1121 0
511 1122 0
511 1123 3
511 1124 0
511 1126 1
511 1129 1
511 1131 4
511 1132 4
511 1133 3
511 1135 1
511 1136 0
511 1137 4
511 1139 3
511 1140 3
511 1141 3
511 1143 1
511 1144 2
511 1145 0
511 1147 3
511 1148 4
511 1149 1
511 1150 4
511 1152 1
511 1153 5
511 1154 0
511 1155 2
511 1159 1
511 1163 5
511 1165 1
511 1168 5
511 1169 2
511 1170 0
511 1171 0
511 1175 0
511 1176 2
511 1177 4
511 1178 5
511 1179 4
511 1183 2
511 1185 0
511 1186 0
511 1188 0
511 1189 0
511 1191 1
511 1192 0
511 1196 1
511 1200 5
511 1202 2
511 1203 0
511 1207 4
511 1208 4
511 1209 3
511 1210 0
511 1215 4
511 1216 0
511 1219 3
511 1220 4
511 1221 2
511 1226 1
511 1228 2
511 1232 0
511 1235 0
511 1236 2
511 1237 3
511 1238 1
511 1240 4
511 1241 2
511 1242 5
511 1243 3
511 1250 0
511 1252 0
511 1255 0
511 1257 3
511 1258 0
511 1260 5
511 1261 4
511 1263 1
511 1264 2
511 1265 2
511 1266 3
511 1267 5
511 1268 0
511 1270 5
511 1273 0
511 1275 5
511 1281 1
511 1282 4
511 1283 0
511 1286 4
511 1287 2
511 1288 3
511 1291 1
511 1294 4
511 1298 3
511 1300 2
511 1302 0
511 1303 4
511 1305 3
511 1306 4
511 1307 5
511 1308 5
511 1311 3
511 1313 5
511 1315 1
511 1320 2
511 1321 0
511 1322 2
511 1324 0
511 1325 0
511 1326 4
511 1327 0
511 1331 0
511 1332 3
511 1333 4
511 1334 0
511 1337 0
511 1343 3
511 1345 5
511 1347 3
511 1348 0
511 1351 1
511 1354 1
511 1356 1
511 1360 3
511 1361 5
511 1363 1
511 1364 0
511 1366 2
511 1368 2
511 1374 0
511 1380 2
511 1381 0
511 1382 3
511 1384 5
511 1385 5
511 1390 4
511 1391 1
511 1392 0
511 1399 5
511 1401 1
511 1402 2
511 1406 3
511 1409 3
511 1412 2
511 1415 0
511 1416 5
511 1417 3
511 1421 2
511 1425 5
511 1426 4
511 1428 1
511 1429 0
511 1431 5
511 1435 0
511 1437 3
511 1440 2
511 1442 2
511 1443 0
511 1447 3
511 1448 5
511 1450 1
511 1451 0
511 1453 2
511 1458 3
511 1459 4
511 1460 5
511 1462 1
511 1465 0
511 1466 2
511 1467 2
511 1468 3
511 1471 1
511 1473 2
511 1476 3
511 1479 5
511 1481 3
511 1484 2
511 1485 5
511 1488 4
511 1489 1
511 1490 0
511 1491 4
511 1492 2
511 1494 4
511 1500 4
511 1502 1
511 1504 4
511 1505 2
511 1509 0
511 1511 3
511 1512 4
511 1514 4
511 1519 2
511 1522 4
511 1523 0
511 1524 1
511 1525 0
511 1526 0
511 1529 0
511 1530 1
511 1535 3
511 1536 3
511 1537 2
511 1538 0
511 1542 4
511 1545 3
511 1546 0
511 1549 4
511 1551 2
511 1552 4
511 1555 0
511 1558 5
511 1561 2
511 1565 3
511 1569 0
511 1571 0
511 1578 3
511 1579 0
511 1584 5
511 1585 5
511 1587 0
511 1588 4
511 1595 1
511 1596 0
511 1597 4
511 1599 0
511 1603 4
511 1604 1
511 1606 3
511 1609 4
511 1614 4
511 1616 2
511 1618 4
511 1619 5
511 1620 0
511 1621 0
511 1622 5
511 1625 5
511 1630 1
511 1631 2
511 1632 4
511 1635 5
511 1636 2
511 1639 3
511 1643 5
511 1648 5
511 1654 2
511 1659 2
511 1662 0
511 1664 1
511 1667 5
511 1668 5
511 1669 0
511 1670 0
511 1675 0
511 1680 5
511 1682 0
511 1683 1
511 1685 1
511 1686 4
511 1688 5
511 1689 0
511 1691 3
511 1692 1
511 1694 2
511 1698 0
511 1700 3
511 1702 2
511 1703 0
511 1706 3
511 1707 2
511 1708 2
511 1714 1
511 1715 2
511 1716 3
511 1720 0
511 1721 5
511 1724 1
511 1725 1
511 1726 4
511 1729 3
511 1735 5
511 1736 4
511 1737 5
511 1738 5
511 1740 2
511 1742 2
511 1743 3
511 1744 1
511 1749 5
511 1750 5
511 1753 1
511 1754 0
511 1755 5
511 1764 2
511 1770 2
511 1772 2
511 1777 0
511 1780 1
511 1781 2
511 1783 1
511 1785 2
511 1786 0
511 1787 5
511 1788 1
511 1798 1
511 1800 4
511 1805 4
511 1810 4
511 1812 3
511 1813 3
511 1819 3
511 1823 4
511 1827 1
511 1831 4
511 1840 1
511 1841 0
511 1842 2
511 1844 1
511 1845 5
511 1849 4
511 1852 1
511 1857 0
511 1858 5
511 1863 4
511 1870 2
511 1880 4
511 1885 1
511 1891 0
511 1893 0
511 1896 2
511 1901 4
511 1902 4
511 1903 1
511 1912 0
511 1914 3
511 1915 0
511 1919 0
511 1920 3
511 1923 1
511 1924 0
511 1926 0
511 1929 0
511 1934 4
511 1938 3
511 1940 2
511 1944 5
511 1948 0
511 1954 3
511 1955 5
511 1961 3
511 1962 3
511 1963 2
511 1964 3
511 1968 2
511 1971 5
511 1980 3
511 1984 0
511 1985 3
511 1989 0
511 1991 1
511 1992 1
511 1993 2
511 1998 2
511 2004 5
511 2007 4
511 2008 1
511 2009 0
511 2012 2
511 2013 4
511 2014 4
511 2015 0
511 2021 4
511 2022 0
511 2023 3
511 2024 1
511 2030 3
511 2033 4
511 2036 2
511 2043 3
511 2045 3
511 2046 3
511 2047 0
511 2049 3
511 2051 1
511 2052 4
511 2053 3
511 2055 5
511 2057 4
511 2060 1
511 2061 5
511 2064 1
511 2070 3
511 2074 2
511 2077 4
511 2081 0
511 2087 1
511 2089 3
511 2097 4
511 2099 1
511 2118 4
511 2129 5
511 2130 0
511 2135 5
511 2141 1
511 2142 4
511 2143 0
511 2144 2
511 2145 3
511 2146 2
511 2149 5
511 2152 2
511 2153 3
511 2157 3
511 2163 2
511 2164 1
511 2168 0
511 2171 2
511 2172 1
511 2176 2
511 2180 1
511 2184 3
511 2188 1
511 2193 1
511 2201 5
511 2203 2
511 2205 0
511 2206 4
511 2209 3
511 2211 5
511 2213 3
511 2214 0
511 2215 3
511 2220 1
511 2222 2
511 2224 4
511 2234 1
511 2235 0
511 2239 0
511 2241 5
511 2244 3
511 2246 3
511 2252 0
511 2254 2
511 2255 1
511 2261 3
511 2265 4
511 2268 1
511 2274 2
511 2277 2
511 2279 4
511 2280 3
511 2285 1
511 2291 2
511 2296 0
511 2299 2
511 2303 1
511 2304 3
511 2316 5
511 2317 2
511 2321 0
511 2323 0
511 2327 0
511 2329 4
511 2334 4
511 2336 3
511 2337 2
511 2338 2
511 2354 1
511 2359 4
511 2361 5
511 2365 3
511 2367 4
511 2373 0
511 2382 4
511 2383 1
511 2385 3
511 2386 1
511 2387 1
511 2391 2
511 2394 1
511 2396 2
511 2401 4
511 2406 5
511 2416 2
511 2417 3
511 2422 5
511 2426 0
511 2431 1
511 2441 2
511 2442 1
511 2446 2
511 2458 2
511 2461 1
511 2462 2
511 2468 0
511 2469 4
511 2470 0
511 2476 5
511 2477 2
511 2483 5
511 2490 3
511 2492 2
511 2494 4
511 2495 3
511 2497 3
511 2499 0
511 2502 1
511 2505 1
511 2510 0
511 2514 1
511 2515 3
511 2520 0
511 2524 1
511 2526 1
511 2528 0
511 2531 2
511 2543 5
511 2545 5
511 2547 4
511 2551 3
511 2553 2
511 2558 2
511 2559 1
511 2561 0
511 2569 1
511 2573 1
511 2576 3
511 2584 1
511 2589 5
511 2592 3
511 2593 3
511 2596 3
511 2603 0
511 2607 4
511 2609 5
511 2616 5
511 2622 1
511 2623 3
511 2627 0
511 2633 2
511 2635 1
511 2644 2
511 2645 5
511 2646 3
511 2661 3
511 2665 1
511 2682 5
511 2686 2
511 2688 4
511 2692 4
511 2693 3
511 2698 0
511 2703 1
511 2706 4
511 2721 0
511 2727 0
511 2737 1
511 2746 2
511 2747 5
511 2755 4
511 2763 2
511 2772 1
511 2777 3
511 2778 5
511 2781 4
511 2782 1
511 2784 5
511 2788 4
511 2795 3
511 2798 2
511 2806 2
511 2816 3
511 2820 0
511 2826 2
511 2827 1
511 2828 2
511 2831 4
511 2836 4
511 2842 0
511 2845 3
511 2847 0
511 2860 2
511 2873 0
511 2875 5
511 2882 4
511 2888 3
511 2897 3
511 2919 2
511 2921 4
511 2923 4
511 2926 5
511 2931 2
511 2934 4
511 2935 3
511 2938 1
511 2940 2
511 2941 4
511 2947 4
511 2957 3
511 2959 1
511 2975 4
511 2977 4
511 2986 5
511 2992 2
511 2994 4
511 2999 5
511 3002 4
511 3012 4
511 3014 5
511 3019 5
511 3024 3
511 3030 3
511 3031 3
511 3032 2
511 3033 2
511 3048 3
511 3053 5
511 3057 2
511 3072 0
511 3077 2
511 3078 1
511 3080 4
511 3081 0
511 3086 4
511 3090 4
511 3092 5
511 3095 2
511 3100 4
511 3102 0
511 3103 3
511 3115 0
511 3127 4
511 3131 1
511 3137 2
511 3147 3
511 3155 2
511 3165 3
511 3180 2
511 3189 0
511 3193 1
511 3195 4
511 3201 3
511 3203 3
511 3204 2
511 3208 4
511 3209 1
511 3210 3
511 3216 0
511 3221 3
511 3222 3
511 3224 5
511 3238 4
511 3239 2
511 3247 3
511 3251 2
511 3258 3
511 3273 1
511 3278 0
511 3279 5
511 3280 2
511 3282 5
511 3285 0
511 3291 2
511 3292 2
511 3293 0
511 3296 4
511 3302 1
511 3306 5
511 3311 5
511 3312 4
511 3317 3
511 3325 2
511 3329 4
511 3330 0
511 3337 5
511 3340 4
511 3343 2
511 3347 0
511 3353 5
511 3367 0
511 3382 0
511 3389 2
511 3390 2
511 3391 2
511 3402 3
511 3411 5
511 3421 5
511 3431 1
511 3432 5
511 3440 4
511 3447 5
511 3456 4
511 3457 4
511 3472 1
511 3485 5
511 3490 4
511 3495 1
511 3506 2
511 3508 5
511 3509 1
511 3527 1
511 3530 4
511 3537 1
511 3538 1
511 3539 3
511 3578 0
511 3583 5
511 3586 5
511 3598 5
511 3602 2
511 3615 5
511 3619 1
511 3621 4
511 3622 3
511 3624 1
511 3628 4
511 3631 2
511 3632 5
511 3634 0
511 3646 4
511 3648 4
511 3652 1
511 3665 1
511 3666 0
511 3687 0
511 3696 3
511 3701 0
511 3706 1
511 3711 1
511 3717 4
511 3718 5
511 3720 4
511 3753 0
511 3764 0
511 3794 2
511 3797 0
511 3808 0
511 3820 0
511 3837 0
511 3839 0
511 3861 1
511 3863 0
511 3867 0
511 3870 2
511 3881 3
511 3910 1
511 3950 5
511 3954 2
511 3963 2
511 3975 2
511 3988 2
511 3999 2
511 4026 0
511 4033 3
511 4046 5
511 4050 0
511 4070 3
511 4081 2
511 4089 0
511 4096 5
511 4110 1
511 4117 0
511 4127 3
511 4134 5
511 4150 2
511 4152 4
511 4155 4
511 4162 2
511 4172 1
511 4188 4
511 4192 3
511 4199 2
511 4207 1
511 4217 5
511 4223 4
511 4225 1
511 4248 4
511 4249 0
511 4258 5
511 4260 4
511 4263 1
511 4267 5
511 4270 1
511 4271 3
511 4274 1
511 4277 5
511 4281 4
511 4282 3
511 4284 3
511 4285 4
511 4296 4
511 4298 1
511 4317 0
511 4332 1
511 4340 5
511 4352 2
511 4366 0
511 4370 3
511 4372 3
511 4394 0
511 4401 4
511 4402 5
511 4406 3
511 4415 5
511 4489 5
511 4506 3
511 4510 4
511 4514 3
511 4562 2
511 4599 0
511 4625 4
511 4634 0
511 4644 5
511 4645 4
511 4659 1
511 4669 0
511 4694 4
511 4705 1
511 4712 3
511 4730 4
511 4737 3
511 4749 5
511 4771 4
511 4778 4
511 4790 2
511 4802 5
511 4817 4
511 4860 2
511 4875 1
511 4878 3
511 4903 2
511 4920 5
511 4930 1
511 4975 0
511 4985 3
511 4999 4
511 5002 0
511 5024 3
511 5027 0
511 5059 2
511 5065 2
511 5067 2
511 5082 5
511 5083 2
511 5085 1
511 5095 1
511 5112 0
511 5123 0
511 5136 1
511 5140 5
511 5185 1
511 5192 5
511 5207 3
511 5290 4
511 5300 4
511 5316 3
511 5348 3
511 5374 3
511 5385 2
511 5391 1
511 5413 4
511 5457 3
511 5460 0
511 5665 3
511 5817 1
511 5835 0
511 5838 0
511 5893 2
511 5896 4
511 5960 0
511 5973 0
511 5980 1
511 6001 1
511 6025 5
511 6052 1
511 6068 3
511 6118 1
511 6125 5
511 6131 0
511 6231 1
511 6238 5
511 6280 5
511 6369 4
511 6452 2
511 6468 5
511 6474 5
511 6501 5
511 6504 1
511 6555 3
511 6569 2
511 6602 2
511 6665 5
511 6668 5
511 6800 4
511 6821 1
511 7016 2
511 7211 3
511 7225 4
511 7331 1
511 7333 0
511 7350 4
511 7554 4
511 7576 3
511 7761 3
511 7767 3
511 7945 1
511 8105 3
511 8640 1
511 8792 0
511 9178 4
511 10137 4
511 10228 3
511 11262 2
511 13025 2
564 0 2
564 1 3
564 2 0
564 3 0
564 4 0
564 5 4
564 6 0
564 7 1
564 8 1
564 9 3
564 10 4
564 11 0
564 12 5
564 13 3
564 14 5
564 15 5
564 16 1
564 17 1
564 18 5
564 19 4
564 20 2
564 21 3
564 22 5
564 23 0
564 24 5
564 25 0
564 26 0
564 27 4
564 28 5
564 29 4
564 30 4
564 31 5
564 32 5
564 33 2
564 34 4
564 35 0
564 36 3
564 37 2
564 38 2
564 39 0
564 40 4
564 41 1
564 42 5
564 43 2
564 44 0
564 45 4
564 46 4
564 47 3
564 48 4
564 49 2
564 50 5
564 51 4
564 52 1
564 53 5
564 54 2
564 55 1
564 56 3
564 57 0
564 58 3
564 59 1
564 60 2
564 61 5
564 62 1
564 63 1
564 64 0
564 65 5
564 66 3
564 67 4
564 68 2
564 69 0
564 71 2
564 72 4
564 73 1
564 74 1
564 75 0
564 76 3
564 77 3
564 78 2
564 79 4
564 80 3
564 81 4
564 82 2
564 83 0
564 84 2
564 85 0
564 86 1
564 87 2
564 88 3
564 89 5
564 90 1
564 91 1
564 92 5
564 93 5
564 94 1
564 95 4
564 96 4
564 97 1
564 98 0
564 99 1
564 100 2
564 101 5
564 102 5
564 103 0
564 104 1
564 105 4
564 106 1
564 107 0
564 108 4
564 109 3
564 110 0
564 111 3
564 112 2
564 113 5
564 114 4
564 115 2
564 116 2
564 117 3
564 118 1
564 119 0
564 120 5
564 121 3
564 122 2
564 124 1
564 125 4
564 126 3
564 127 5
564 128 4
564 129 0
564 130 4
564 131 2
564 132 1
564 133 1
564 134 5
564 135 4
564 137 4
564 138 1
564 139 1
564 140 1
564 141 3
564 142 4
564 143 1
564 144 0
564 145 4
564 146 0
564 147 3
564 148 1
564 149 5
564 150 3
564 151 4
564 152 4
564 153 5
564 154 2
564 155 4
564 156 2
564 157 1
564 158 5
564 159 1
564 160 2
564 161 4
564 162 5
564 163 5
564 164 4
564 165 3
564 166 5
564 167 0
564 168 3
564 169 2
564 170 2
564 171 0
564 172 2
564 173 4
564 174 4
564 175 5
564 176 4
564 177 4
564 178 4
564 179 3
564 180 2
564 181 4
564 182 0
564 183 4
564 185 2
564 186 1
564 187 1
564 188 2
564 189 4
564 190 2
564 191 4
564 193 1
564 194 5
564 195 4
564 196 3
564 197 4
564 198 4
564 199 2
564 200 5
564 201 0
564 202 2
564 203 2
564 204 4
564 205 2
564 206 5
564 207 3
564 208 5
564 209 1
564 210 4
564 211 3
564 212 2
564 213 2
564 214 2
564 215 1
564 216 2
564 217 3
564 218 5
564 219 3
564 220 4
564 221 2
564 222 4
564 223 0
564 224 5
564 225 0
564 226 4
564 227 2
564 228 4
564 229 4
564 230 2
564 231 1
564 232 5
564 233 4
564 234 0
564 235 3
564 236 4
564 237 4
564 238 1
564 239 2
564 240 2
564 241 1
564 243 0
564 244 4
564 245 2
564 246 3
564 248 2
564 249 5
564 250 4
564 251 3
564 252 0
564 253 1
564 254 5
564 255 5
564 256 3
564 257 5
564 258 2
564 259 2
564 260 5
564 261 3
564 262 1
564 263 2
564 264 5
564 265 2
564 266 3
564 267 1
564 268 5
564 269 5
564 270 2
564 271 2
564 272 2
564 273 5
564 274 4
564 275 0
564 276 2
564 277 1
564 278 0
564 279 5
564 280 5
564 281 2
564 282 0
564 283 1
564 284 3
564 285 3
564 286 3
564 287 3
564 288 3
564 289 3
564 290 3
564 291 3
564 292 5
564 293 1
564 294 1
564 295 5
564 296 3
564 297 0
564 298 4
564 299 0
564 300 0
564 301 2
564 302 4
564 304 0
564 305 2
564 306 5
564 307 0
564 308 4
564 309 0
564 310 3
564 311 3
564 312 4
564 313 2
564 314 5
564 315 3
564 316 2
564 317 2
564 319 5
564 320 3
564 321 4
564 322 5
564 323 3
564 324 4
564 325 2
564 327 4
564 328 3
564 329 0
564 330 5
564 331 2
564 332 4
564 333 0
564 334 0
564 335 2
564 336 2
564 337 1
564 338 5
564 339 1
564 340 2
564 341 4
564 342 1
564 343 0
564 344 5
564 345 0
564 346 0
564 347 1
564 348 5
564 349 0
564 350 1
564 351 3
564 352 2
564 354 5
564 355 5
564 356 1
564 357 1
564 359 5
564 360 3
564 361 2
564 362 3
564 363 0
564 364 3
564 365 1
564 366 5
564 367 5
564 368 2
564 369 3
564 370 2
564 371 5
564 372 5
564 373 3
564 374 0
564 375 2
564 376 3
564 378 3
564 379 3
564 380 3
564 381 3
564 382 3
564 383 5
564 384 3
564 385 3
564 386 3
564 387 2
564 388 0
564 389 4
564 390 4
564 391 1
564 392 5
564 393 2
564 394 1
564 395 2
564 396 3
564 397 2
564 398 3
564 399 0
564 400 4
564 401 3
564 402 3
564 403 4
564 404 5
564 406 2
564 407 5
564 408 1
564 409 3
564 410 1
564 411 3
564 412 1
564 413 4
564 415 1
564 416 5
564 418 5
564 420 2
564 421 2
564 422 2
564 423 5
564 424 3
564 426 4
564 427 5
564 429 4
564 431 4
564 432 0
564 433 3
564 434 3
564 435 5
564 436 0
564 437 1
564 439 1
564 440 4
564 441 0
564 442 3
564 443 4
564 444 1
564 445 5
564 446 0
564 447 2
564 448 1
564 449 1
564 451 0
564 452 0
564 453 2
564 454 4
564 455 2
564 457 1
564 458 2
564 459 5
564 460 2
564 461 3
564 462 2
564 464 2
564 465 5
564 466 1
564 467 4
564 469 0
564 470 2
564 471 0
564 472 4
564 474 1
564 475 2
564 476 2
564 478 1
564 479 4
564 480 0
564 482 4
564 483 2
564 484 4
564 485 4
564 486 3
564 487 1
564 488 3
564 489 0
564 490 0
564 491 5
564 492 3
564 493 1
564 495 3
564 496 2
564 497 1
564 498 1
564 499 2
564 500 3
564 501 0
564 502 3
564 503 4
564 504 4
564 505 0
564 509 3
564 510 0
564 511 5
564 512 4
564 513 0
564 514 5
564 515 5
564 517 2
564 518 4
564 520 0
564 522 0
564 523 0
564 524 4
564 525 1
564 526 0
564 527 0
564 528 1
564 530 2
564 532 1
564 533 2
564 535 3
564 537 5
564 538 2
564 539 4
564 540 5
564 541 3
564 542 2
564 543 4
564 544 5
564 546 0
564 548 2
564 549 0
564 550 3
564 551 1
564 552 2
564 553 5
564 554 2
564 555 0
564 557 2
564 558 0
564 559 2
564 560 5
564 561 2
564 562 4
564 563 5
564 564 3
564 565 0
564 567 1
564 568 3
564 569 5
564 570 1
564 571 3
564 572 4
564 573 0
564 574 2
564 575 5
564 576 0
564 577 2
564 578 4
564 579 5
564 581 1
564 582 4
564 583 4
564 584 0
564 587 4
564 589 5
564 590 4
564 591 4
564 592 3
564 593 1
564 594 3
564 595 3
564 596 5
564 597 1
564 598 2
564 599 1
564 600 0
564 601 5
564 602 3
564 603 4
564 605 1
564 607 2
564 609 1
564 610 5
564 611 5
564 612 4
564 614 1
564 615 5
564 616 1
564 617 3
564 618 0
564 620 0
564 621 5
564 622 0
564 623 0
564 624 1
564 625 2
564 626 2
564 627 1
564 628 2
564 629 0
564 630 5
564 631 1
564 632 0
564 634 0
564 635 1
564 636 3
564 638 3
564 639 0
564 640 4
564 641 0
564 642 5
564 643 5
564 644 5
564 645 4
564 648 5
564 649 0
564 655 5
564 656 1
564 657 2
564 658 2
564 659 3
564 660 3
564 662 5
564 663 4
564 664 5
564 665 4
564 666 4
564 667 5
564 668 3
564 669 1
564 671 4
564 672 0
564 673 5
564 674 3
564 675 1
564 677 4
564 678 1
564 679 5
564 680 1
564 681 2
564 684 2
564 685 1
564 686 3
564 687 0
564 688 2
564 689 1
564 690 5
564 691 4
564 692 2
564 694 2
564 695 5
564 696 4
564 697 3
564 700 4
564 702 1
564 703 1
564 704 2
564 705 4
564 706 1
564 707 4
564 709 5
564 710 5
564 712 3
564 713 0
564 715 3
564 716 5
564 717 5
564 718 5
564 719 5
564 721 1
564 722 4
564 723 5
564 725 1
564 728 5
564 730 0
564 733 5
564 735 1
564 736 2
564 737 3
564 738 1
564 739 4
564 740 0
564 741 1
564 742 3
564 745 4
564 748 1
564 749 4
564 750 0
564 751 5
564 752 0
564 753 1
564 756 0
564 758 1
564 759 0
564 760 5
564 761 4
564 762 1
564 763 3
564 764 0
564 765 3
564 766 5
564 767 4
564 768 5
564 771 1
564 772 2
564 773 1
564 774 2
564 775 2
564 777 2
564 778 1
564 780 2
564 781 1
564 782 4
564 783 2
564 784 2
564 785 3
564 786 0
564 787 5
564 789 3
564 790 4
564 791 0
564 794 2
564 797 2
564 798 0
564 799 2
564 801 4
564 802 1
564 803 4
564 804 2
564 805 3
564 806 2
564 807 2
564 809 0
564 810 2
564 811 2
564 812 1
564 813 4
564 814 0
564 815 5
564 816 0
564 820 2
564 824 2
564 825 4
564 826 0
564 827 0
564 828 3
564 830 2
564 831 4
564 834 2
564 836 1
564 837 1
564 840 3
564 841 5
564 844 4
564 845 1
564 846 3
564 848 5
564 849 5
564 850 1
564 851 4
564 852 2
564 853 1
564 854 2
564 855 4
564 856 1
564 857 4
564 858 0
564 859 1
564 861 5
564 862 0
564 863 0
564 864 5
564 865 4
564 866 2
564 867 0
564 869 1
564 870 3
564 872 5
564 873 5
564 874 2
564 875 0
564 876 2
564 877 2
564 878 0
564 880 0
564 881 2
564 883 5
564 884 5
564 885 2
564 889 2
564 892 1
564 893 1
564 894 0
564 895 5
564 896 0
564 897 0
564 898 1
564 899 3
564 900 4
564 901 2
564 902 3
564 903 3
564 905 4
564 906 1
564 907 2
564 908 0
564 909 4
564 910 1
564 911 0
564 913 5
564 914 1
564 917 5
564 918 4
564 919 0
564 920 2
564 921 3
564 923 0
564 925 2
564 926 5
564 927 3
564 929 3
564 931 1
564 933 4
564 934 4
564 935 4
564 936 2
564 938 3
564 940 3
564 941 3
564 942 5
564 943 3
564 944 5
564 946 3
564 947 4
564 949 2
564 953 4
564 954 0
564 955 5
564 957 0
564 958 1
564 960 3
564 962 0
564 963 2
564 965 4
564 966 3
564 969 3
564 970 5
564 971 3
564 973 5
564 974 1
564 975 2
564 976 2
564 977 1
564 978 1
564 979 2
564 980 2
564 981 2
564 982 5
564 983 3
564 986 1
564 987 2
564 989 1
564 990 4
564 992 3
564 993 1
564 995 2
564 996 3
564 999 1
564 1000 3
564 1002 0
564 1003 3
564 1004 2
564 1005 2
564 1006 3
564 1007 0
564 1009 2
564 1010 3
564 1011 1
564 1012 2
564 1013 0
564 1014 0
564 1015 5
564 1017 4
564 1018 1
564 1019 1
564 1020 5
564 1021 5
564 1022 1
564 1023 1
564 1024 0
564 1025 0
564 1026 4
564 1027 2
564 1029 3
564 1031 5
564 1032 2
564 1033 3
564 1034 1
564 1035 2
564 1038 4
564 1043 0
564 1045 4
564 1047 3
564 1052 4
564 1055 2
564 1056 1
564 1057 3
564 1058 1
564 1060 0
564 1061 0
564 1062 0
564 1064 5
564 1065 4
564 1066 1
564 1069 3
564 1070 4
564 1071 0
564 1072 5
564 1074 4
564 1076 1
564 1077 0
564 1079 2
564 1080 3
564 1081 1
564 1082 0
564 1083 1
564 1086 0
564 1089 5
564 1092 4
564 1094 0
564 1095 0
564 1096 5
564 1097 2
564 1099 0
564 1100 3
564 1101 1
564 1102 5
564 1103 4
564 1105 5
564 1109 0
564 1110 2
564 1111 3
564 1112 0
564 1113 2
564 1114 5
564 1115 5
564 1117 3
564 1118 1
564 1119 4
564 1120 1
564 1122 4
564 1123 0
564 1124 5
564 1126 0
564 1128 2
564 1129 4
564 1133 3
564 1134 2
564 1137 2
564 1142 2
564 1143 5
564 1144 3
564 1145 4
564 1146 4
564 1147 2
564 1148 4
564 1149 1
564 1150 0
564 1151 3
564 1153 4
564 1155 2
564 1158 1
564 1161 4
564 1162 0
564 1163 1
564 1165 4
564 1166 3
564 1167 4
564 1169 2
564 1170 1
564 1171 4
564 1173 4
564 1174 3
564 1175 0
564 1176 4
564 1177 4
564 1178 4
564 1179 4
564 1183 1
564 1184 2
564 1185 5
564 1186 3
564 1187 5
564 1188 1
564 1189 5
564 1191 2
564 1192 2
564 1193 0
564 1194 0
564 1198 3
564 1199 4
564 1200 2
564 1201 0
564 1202 3
564 1203 4
564 1204 3
564 1205 0
564 1207 4
564 1208 2
564 1209 1
564 1210 3
564 1213 2
564 1215 4
564 1216 0
564 1217 4
564 1219 1
564 1220 5
564 1221 0
564 1223 2
564 1224 5
564 1225 1
564 1226 5
564 1227 1
564 1228 0
564 1231 0
564 1232 1
564 1233 4
564 1234 0
564 1235 0
564 1236 5
564 1237 2
564 1238 0
564 1241 3
564 1242 5
564 1244 3
564 1245 1
564 1250 3
564 1252 4
564 1253 1
564 1254 2
564 1256 2
564 1258 3
564 1259 4
564 1260 4
564 1262 2
564 1263 4
564 1264 0
564 1265 2
564 1266 5
564 1267 2
564 1268 2
564 1269 0
564 1270 0
564 1272 0
564 1273 5
564 1274 4
564 1275 0
564 1276 5
564 1281 5
564 1283 2
564 1284 1
564 1286 0
564 1289 4
564 1290 3
564 1291 1
564 1292 2
564 1294 5
564 1296 5
564 1297 3
564 1299 2
564 1300 5
564 1303 2
564 1304 2
564 1306 3
564 1307 2
564 1308 4
564 1310 3
564 1311 4
564 1312 3
564 1313 1
564 1315 3
564 1317 0
564 1318 5
564 1320 5
564 1321 5
564 1322 5
564 1324 4
564 1326 0
564 1327 4
564 1328 5
564 1329 1
564 1330 2
564 1331 0
564 1332 5
564 1333 2
564 1334 1
564 1335 3
564 1337 4
564 1338 1
564 1339 2
564 1340 1
564 1342 4
564 1343 4
564 1345 3
564 1347 3
564 1348 5
564 1351 1
564 1352 0
564 1353 5
564 1356 3
564 1358 4
564 1359 5
564 1361 4
564 1363 3
564 1364 0
564 1365 2
564 1367 2
564 1368 3
564 1369 0
564 1374 4
564 1375 2
564 1378 4
564 1380 5
564 1381 0
564 1382 0
564 1383 2
564 1384 1
564 1385 3
564 1386 1
564 1387 0
564 1389 1
564 1390 3
564 1391 4
564 1392 0
564 1393 5
564 1394 3
564 1395 1
564 1397 2
564 1399 4
564 1402 2
564 1405 2
564 1406 1
564 1407 5
564 1408 2
564 1411 3
564 1412 2
564 1413 4
564 1414 2
564 1415 1
564 1417 5
564 1418 3
564 1419 5
564 1420 3
564 1422 3
564 1424 4
564 1426 3
564 1427 5
564 1428 0
564 1429 1
564 1434 0
564 1439 3
564 1441 2
564 1443 1
564 1444 1
564 1446 5
564 1447 1
564 1453 5
564 1456 2
564 1457 4
564 1458 3
564 1460 2
564 1461 0
564 1463 2
564 1464 2
564 1465 1
564 1466 0
564 1471 0
564 1473 5
564 1478 5
564 1479 0
564 1481 2
564 1484 5
564 1485 4
564 1486 0
564 1490 4
564 1491 0
564 1493 2
564 1494 5
564 1495 0
564 1496 5
564 1497 4
564 1499 4
564 1502 1
564 1504 1
564 1509 1
564 1510 3
564 1513 5
564 1514 4
564 1517 4
564 1519 5
564 1520 5
564 1522 3
564 1523 0
564 1524 4
564 1526 2
564 1528 0
564 1531 3
564 1533 3
564 1538 0
564 1541 2
564 1543 0
564 1544 3
564 1545 4
564 1546 4
564 1548 4
564 1549 3
564 1550 5
564 1552 4
564 1554 3
564 1555 5
564 1558 5
564 1560 0
564 1561 2
564 1562 2
564 1563 4
564 1567 0
564 1568 2
564 1569 3
564 1572 5
564 1580 4
564 1583 2
564 1584 1
564 1585 2
564 1586 3
564 1588 3
564 1589 4
564 1590 5
564 1592 4
564 1593 4
564 1594 5
564 1595 5
564 1596 0
564 1597 0
564 1601 3
564 1604 0
564 1605 5
564 1610 3
564 1612 4
564 1613 4
564 1614 0
564 1615 3
564 1616 5
564 1617 4
564 1618 0
564 1619 4
564 1621 5
564 1622 4
564 1623 4
564 1624 1
564 1625 3
564 1627 1
564 1628 4
564 1629 2
564 1630 1
564 1631 3
564 1632 3
564 1635 2
564 1636 0
564 1638 0
564 1639 0
564 1643 1
564 1644 5
564 1645 2
564 1646 3
564 1647 5
564 1648 1
564 1656 5
564 1659 2
564 1664 2
564 1665 2
564 1666 0
564 1667 5
564 1668 3
564 1669 0
564 1670 2
564 1671 4
564 1672 0
564 1674 2
564 1675 3
564 1678 0
564 1680 1
564 1681 1
564 1688 3
564 1693 5
564 1694 5
564 1698 4
564 1699 3
564 1700 1
564 1702 1
564 1703 5
564 1704 2
564 1705 4
564 1706 0
564 1707 5
564 1708 2
564 1713 2
564 1714 1
564 1715 4
564 1717 0
564 1718 3
564 1719 5
564 1721 0
564 1722 5
564 1725 0
564 1726 4
564 1728 3
564 1729 1
564 1731 2
564 1732 3
564 1734 0
564 1735 0
564 1736 5
564 1740 0
564 1741 4
564 1743 4
564 1746 2
564 1755 5
564 1759 2
564 1760 1
564 1761 2
564 1762 0
564 1767 2
564 1768 1
564 1770 2
564 1778 4
564 1784 0
564 1785 2
564 1786 2
564 1789 0
564 1790 0
564 1791 2
564 1794 4
564 1795 4
564 1797 1
564 1798 3
564 1803 3
564 1804 5
564 1807 1
564 1808 4
564 1809 0
564 1810 1
564 1811 4
564 1812 1
564 1813 5
564 1814 0
564 1817 3
564 1819 1
564 1822 4
564 1824 0
564 1827 5
564 1830 5
564 1831 2
564 1832 1
564 1834 0
564 1835 2
564 1837 5
564 1838 2
564 1839 4
564 1840 1
564 1841 3
564 1842 4
564 1844 2
564 1845 2
564 1847 0
564 1848 5
564 1849 1
564 1850 4
564 1853 3
564 1857 4
564 1860 0
564 1861 5
564 1864 1
564 1867 1
564 1868 2
564 1870 4
564 1873 4
564 1877 0
564 1878 4
564 1879 1
564 1881 0
564 1882 0
564 1885 5
564 1886 2
564 1887 5
564 1889 5
564 1891 4
564 1893 1
564 1897 0
564 1898 0
564 1900 5
564 1903 4
564 1908 1
564 1909 1
564 1910 0
564 1911 3
564 1912 5
564 1914 0
564 1915 1
564 1916 5
564 1918 4
564 1919 1
564 1920 3
564 1922 4
564 1923 2
564 1925 2
564 1926 4
564 1928 5
564 1929 4
564 1931 2
564 1932 3
564 1933 0
564 1934 4
564 1936 5
564 1938 3
564 1940 4
564 1942 2
564 1943 4
564 1949 2
564 1951 2
564 1954 5
564 1956 1
564 1958 5
564 1959 1
564 1960 2
564 1961 0
564 1962 4
564 1963 0
564 1967 5
564 1969 1
564 1971 2
564 1974 3
564 1975 3
564 1980 1
564 1981 4
564 1983 4
564 1984 1
564 1989 1
564 1990 4
564 1991 0
564 1992 5
564 1995 5
564 1997 4
564 1999 2
564 2002 4
564 2003 3
564 2009 0
564 2010 1
564 2012 2
564 2013 3
564 2014 0
564 2017 5
564 2020 4
564 2024 1
564 2025 1
564 2026 3
564 2027 3
564 2030 5
564 2034 4
564 2037 1
564 2038 2
564 2039 1
564 2040 2
564 2042 2
564 2049 5
564 2051 2
564 2053 1
564 2055 1
564 2056 2
564 2057 2
564 2058 5
564 2060 1
564 2062 5
564 2064 3
564 2067 1
564 2070 0
564 2071 5
564 2074 0
564 2076 2
564 2079 1
564 2080 4
564 2083 0
564 2084 4
564 2087 5
564 2088 3
564 2089 5
564 2090 5
564 2092 3
564 2093 2
564 2096 0
564 2097 1
564 2098 0
564 2101 1
564 2102 0
564 2105 0
564 2109 3
564 2112 1
564 2116 0
564 2118 1
564 2119 1
564 2122 2
564 2128 4
564 2130 5
564 2134 0
564 2137 4
564 2139 0
564 2140 2
564 2142 2
564 2145 0
564 2146 4
564 2149 3
564 2152 1
564 2153 4
564 2154 5
564 2156 4
564 2159 0
564 2161 0
564 2162 2
564 2164 5
564 2180 1
564 2181 2
564 2182 5
564 2183 5
564 2184 2
564 2185 3
564 2189 1
564 2193 3
564 2195 2
564 2196 1
564 2198 0
564 2200 0
564 2203 5
564 2206 5
564 2208 5
564 2210 5
564 2211 5
564 2213 1
564 2216 3
564 2219 2
564 2220 1
564 2221 5
564 2224 1
564 2228 3
564 2235 2
564 2236 3
564 2237 0
564 2238 1
564 2239 3
564 2240 1
564 2241 3
564 2242 1
564 2245 0
564 2246 1
564 2247 1
564 2250 0
564 2252 2
564 2254 3
564 2255 2
564 2259 5
564 2262 0
564 2266 2
564 2269 5
564 2272 3
564 2273 0
564 2277 3
564 2279 2
564 2280 0
564 2283 1
564 2285 1
564 2288 2
564 2291 5
564 2293 5
564 2294 5
564 2299 4
564 2302 0
564 2303 3
564 2304 3
564 2306 1
564 2307 2
564 2312 0
564 2314 1
564 2316 2
564 2319 3
564 2320 5
564 2323 5
564 2329 5
564 2331 5
564 2332 2
564 2336 0
564 2337 4
564 2340 4
564 2341 4
564 2342 2
564 2344 0
564 2345 1
564 2347 1
564 2348 2
564 2349 0
564 2356 5
564 2361 1
564 2362 1
564 2364 5
564 2366 2
564 2368 3
564 2370 5
564 2372 0
564 2373 3
564 2381 5
564 2382 3
564 2383 0
564 2384 3
564 2389 4
564 2390 5
564 2391 0
564 2393 0
564 2394 2
564 2395 1
564 2396 5
564 2397 0
564 2398 0
564 2400 2
564 2401 4
564 2403 0
564 2404 4
564 2406 1
564 2407 4
564 2409 5
564 2411 0
564 2414 0
564 2417 3
564 2421 0
564 2422 2
564 2426 1
564 2428 5
564 2429 4
564 2431 3
564 2432 2
564 2433 4
564 2436 0
564 2439 5
564 2441 1
564 2446 5
564 2447 0
564 2450 1
564 2454 4
564 2458 5
564 2463 1
564 2469 0
564 2472 2
564 2475 5
564 2476 1
564 2477 4
564 2479 5
564 2482 5
564 2483 2
564 2487 0
564 2489 0
564 2492 5
564 2493 3
564 2495 5
564 2503 2
564 2504 2
564 2505 3
564 2510 5
564 2514 2
564 2517 1
564 2525 4
564 2530 5
564 2532 3
564 2538 2
564 2539 2
564 2542 1
564 2548 1
564 2549 4
564 2551 1
564 2552 3
564 2553 5
564 2557 1
564 2560 3
564 2561 5
564 2562 0
564 2568 2
564 2569 1
564 2572 4
564 2573 2
564 2575 0
564 2579 2
564 2580 3
564 2586 0
564 2587 3
564 2589 3
564 2592 1
564 2593 5
564 2594 4
564 2598 3
564 2599 5
564 2607 5
564 2608 2
564 2616 0
564 2619 3
564 2623 2
564 2626 4
564 2627 0
564 2629 4
564 2632 0
564 2642 4
564 2643 5
564 2644 0
564 2645 2
564 2647 3
564 2650 3
564 2653 2
564 2656 2
564 2661 1
564 2662 4
564 2663 3
564 2665 1
564 2668 0
564 2670 4
564 2672 2
564 2681 4
564 2685 2
564 2687 2
564 2688 5
564 2692 1
564 2693 0
564 2696 4
564 2698 3
564 2703 1
564 2706 3
564 2709 2
564 2714 0
564 2717 2
564 2719 0
564 2720 3
564 2722 3
564 2724 0
564 2725 3
564 2727 2
564 2732 0
564 2734 2
564 2738 0
564 2744 5
564 2745 4
564 2747 5
564 2752 5
564 2754 1
564 2756 4
564 2757 2
564 2763 2
564 2767 0
564 2768 3
564 2769 2
564 2771 0
564 2772 1
564 2774 4
564 2778 4
564 2782 5
564 2783 1
564 2785 4
564 2788 1
564 2793 3
564 2794 1
564 2795 0
564 2797 2
564 2800 3
564 2803 0
564 2806 3
564 2808 3
564 2811 2
564 2813 4
564 2814 0
564 2816 5
564 2820 3
564 2827 5
564 2831 3
564 2834 4
564 2836 2
564 2837 3
564 2841 2
564 2842 5
564 2843 1
564 2844 3
564 2845 4
564 2846 2
564 2853 3
564 2855 4
564 2856 1
564 2858 3
564 2859 0
564 2863 0
564 2864 3
564 2869 3
564 2870 3
564 2871 5
564 2872 1
564 2877 4
564 2882 5
564 2883 3
564 2887 3
564 2894 0
564 2904 4
564 2907 1
564 2914 1
564 2917 2
564 2921 1
564 2926 4
564 2932 5
564 2933 1
564 2934 4
564 2938 0
564 2945 2
564 2948 3
564 2954 2
564 2955 3
564 2957 0
564 2959 2
564 2966 3
564 2967 4
564 2968 4
564 2970 5
564 2972 1
564 2977 1
564 2978 5
564 2980 1
564 2981 3
564 2982 5
564 2983 4
564 2985 0
564 2987 1
564 2988 5
564 2991 2
564 2995 0
564 2996 5
564 2999 5
564 3005 5
564 3008 4
564 3009 0
564 3013 1
564 3014 2
564 3021 1
564 3024 1
564 3025 5
564 3033 0
564 3038 4
564 3040 4
564 3048 1
564 3049 3
564 3053 2
564 3060 5
564 3061 4
564 3063 5
564 3064 0
564 3065 2
564 3066 1
564 3070 2
564 3072 2
564 3076 3
564 3078 1
564 3082 2
564 3083 2
564 3086 2
564 3090 5
564 3092 4
564 3100 4
564 3101 4
564 3102 5
564 3103 3
564 3105 3
564 3108 4
564 3114 0
564 3115 3
564 3123 1
564 3128 0
564 3129 0
564 3131 5
564 3138 1
564 3140 3
564 3141 1
564 3142 4
564 3143 0
564 3147 5
564 3151 1
564 3154 3
564 3155 5
564 3156 1
564 3160 2
564 3171 1
564 3177 3
564 3186 5
564 3188 5
564 3194 2
564 3195 2
564 3200 1
564 3201 2
564 3204 1
564 3206 2
564 3209 1
564 3216 3
564 3219 4
564 3221 2
564 3223 4
564 3225 0
564 3230 4
564 3231 4
564 3239 2
564 3240 3
564 3249 1
564 3256 4
564 3258 5
564 3259 3
564 3261 2
564 3265 3
564 3267 5
564 3269 4
564 3270 2
564 3272 1
564 3277 0
564 3279 1
564 3280 5
564 3282 4
564 3283 2
564 3285 0
564 3286 5
564 3287 1
564 3292 4
564 3294 1
564 3298 1
564 3302 5
564 3306 5
564 3313 3
564 3324 0
564 3327 4
564 3330 1
564 3336 3
564 3337 5
564 3338 2
564 3341 5
564 3345 3
564 3347 3
564 3354 4
564 3355 0
564 3358 2
564 3359 4
564 3361 2
564 3364 4
564 3366 2
564 3371 4
564 3375 0
564 3377 0
564 3381 5
564 3396 3
564 3402 4
564 3405 3
564 3419 3
564 3425 2
564 3427 0
564 3432 0
564 3436 3
564 3437 1
564 3441 2
564 3444 2
564 3449 5
564 3451 3
564 3452 1
564 3457 1
564 3459 0
564 3463 0
564 3464 0
564 3466 2
564 3467 2
564 3468 0
564 3472 1
564 3476 4
564 3477 3
564 3483 2
564 3486 3
564 3491 3
564 3492 4
564 3496 0
564 3498 5
564 3499 4
564 3500 0
564 3501 4
564 3504 4
564 3505 1
564 3509 4
564 3510 1
564 3512 4
564 3514 3
564 3524 0
564 3525 3
564 3528 1
564 3529 4
564 3537 0
564 3538 1
564 3542 4
564 3543 3
564 3557 0
564 3560 1
564 3563 0
564 3576 0
564 3578 5
564 3579 1
564 3590 5
564 3593 0
564 3594 2
564 3601 4
564 3604 4
564 3608 5
564 3610 0
564 3612 3
564 3621 4
564 3622 2
564 3625 3
564 3637 3
564 3638 4
564 3639 0
564 3643 0
564 3644 5
564 3646 2
564 3647 3
564 3648 0
564 3650 0
564 3660 4
564 3661 3
564 3662 3
564 3665 0
564 3668 0
564 3669 4
564 3671 3
564 3679 4
564 3683 4
564 3684 1
564 3698 0
564 3699 4
564 3700 2
564 3706 3
564 3708 2
564 3713 2
564 3717 0
564 3724 4
564 3732 1
564 3738 5
564 3739 4
564 3741 4
564 3745 0
564 3747 3
564 3748 5
564 3760 2
564 3763 1
564 3764 1
564 3775 5
564 3784 0
564 3788 0
564 3791 5
564 3797 2
564 3801 2
564 3803 2
564 3805 1
564 3807 5
564 3810 1
564 3813 5
564 3817 5
564 3824 1
564 3826 0
564 3828 0
564 3834 4
564 3836 3
564 3845 3
564 3854 4
564 3857 0
564 3858 2
564 3871 1
564 3876 4
564 3881 3
564 3882 5
564 3883 4
564 3904 0
564 3907 3
564 3917 3
564 3919 3
564 3925 1
564 3934 0
564 3945 3
564 3946 1
564 3950 4
564 3955 2
564 3959 1
564 3963 1
564 3965 2
564 3973 5
564 3977 4
564 3978 0
564 3984 4
564 3985 4
564 3996 2
564 3999 5
564 4007 5
564 4009 2
564 4019 1
564 4022 2
564 4027 4
564 4031 1
564 4034 4
564 4036 4
564 4038 0
564 4041 2
564 4057 3
564 4073 2
564 4075 1
564 4077 4
564 4088 0
564 4090 0
564 4096 2
564 4097 3
564 4101 5
564 4110 1
564 4112 5
564 4117 2
564 4118 1
564 4133 4
564 4140 0
564 4142 4
564 4144 3
564 4145 5
564 4149 2
564 4150 3
564 4155 5
564 4165 5
564 4166 4
564 4172 0
564 4177 3
564 4178 5
564 4193 3
564 4194 2
564 4200 1
564 4217 5
564 4223 2
564 4231 2
564 4232 2
564 4233 0
564 4237 5
564 4238 4
564 4245 1
564 4250 2
564 4254 4
564 4258 5
564 4269 0
564 4270 0
564 4289 0
564 4294 4
564 4295 5
564 4296 5
564 4297 2
564 4298 1
564 4300 3
564 4304 4
564 4310 5
564 4313 0
564 4314 4
564 4321 2
564 4328 3
564 4329 0
564 4333 1
564 4340 2
564 4345 3
564 4354 0
564 4360 0
564 4361 4
564 4365 1
564 4379 0
564 4380 4
564 4383 0
564 4385 1
564 4387 5
564 4393 0
564 4394 5
564 4398 0
564 4403 0
564 4409 4
564 4410 2
564 4413 4
564 4433 4
564 4435 1
564 4441 1
564 4454 0
564 4462 2
564 4465 5
564 4475 3
564 4485 1
564 4493 4
564 4495 4
564 4496 2
564 4521 1
564 4529 2
564 4539 2
564 4543 0
564 4552 0
564 4557 2
564 4568 3
564 4576 3
564 4592 3
564 4596 3
564 4605 2
564 4631 0
564 4642 1
564 4644 1
564 4650 3
564 4653 5
564 4656 1
564 4662 3
564 4670 5
564 4673 0
564 4677 5
564 4678 1
564 4696 3
564 4699 3
564 4701 3
564 4705 4
564 4707 1
564 4710 5
564 4711 4
564 4716 1
564 4718 3
564 4722 2
564 4727 5
564 4729 2
564 4736 4
564 4738 5
564 4747 2
564 4752 5
564 4754 2
564 4757 0
564 4759 0
564 4764 1
564 4766 1
564 4777 0
564 4780 2
564 4781 0
564 4787 2
564 4791 3
564 4794 5
564 4797 0
564 4799 1
564 4800 2
564 4801 3
564 4819 5
564 4832 2
564 4833 1
564 4836 4
564 4837 5
564 4846 4
564 4875 3
564 4878 2
564 4883 4
564 4886 5
564 4893 4
564 4898 4
564 4899 4
564 4906 3
564 4910 2
564 4916 3
564 4920 1
564 4923 3
564 4929 2
564 4938 5
564 4940 5
564 4948 1
564 4950 4
564 4951 3
564 4959 5
564 4965 0
564 4967 2
564 4972 2
564 4975 2
564 4976 5
564 4980 5
564 4990 0
564 4995 1
564 4997 0
564 5003 4
564 5005 4
564 5008 5
564 5020 3
564 5021 4
564 5022 2
564 5024 0
564 5026 2
564 5028 4
564 5033 0
564 5037 5
564 5041 4
564 5043 5
564 5044 3
564 5045 1
564 5046 5
564 5050 3
564 5064 2
564 5072 5
564 5076 4
564 5082 3
564 5100 0
564 5103 4
564 5104 4
564 5118 0
564 5123 5
564 5126 2
564 5139 4
564 5144 5
564 5145 3
564 5148 4
564 5161 3
564 5165 0
564 5167 4
564 5185 5
564 5188 0
564 5189 5
564 5211 0
564 5212 4
564 5220 2
564 5221 2
564 5225 0
564 5238 4
564 5239 4
564 5242 3
564 5243 0
564 5244 5
564 5250 4
564 5255 4
564 5259 0
564 5266 2
564 5272 3
564 5295 2
564 5298 3
564 5306 3
564 5313 1
564 5318 0
564 5321 3
564 5326 4
564 5335 3
564 5343 4
564 5352 5
564 5354 2
564 5363 2
564 5365 3
564 5368 5
564 5370 3
564 5374 2
564 5379 0
564 5386 4
564 5411 2
564 5416 3
564 5418 4
564 5426 4
564 5427 1
564 5433 2
564 5435 0
564 5439 2
564 5441 2
564 5443 0
564 5444 1
564 5455 0
564 5456 3
564 5457 1
564 5458 3
564 5463 5
564 5464 3
564 5470 1
564 5473 3
564 5502 0
564 5515 4
564 5523 4
564 5526 1
564 5532 0
564 5537 3
564 5540 1
564 5552 4
564 5569 4
564 5591 4
564 5636 4
564 5637 5
564 5653 2
564 5655 0
564 5673 0
564 5684 5
564 5685 3
564 5702 5
564 5705 2
564 5720 0
564 5726 2
564 5731 4
564 5739 0
564 5784 1
564 5788 0
564 5810 0
564 5813 5
564 5841 3
564 5864 5
564 5877 0
564 5898 5
564 5916 1
564 5920 3
564 5929 3
564 5959 1
564 5968 4
564 5978 4
564 6002 0
564 6003 5
564 6009 5
564 6025 4
564 6029 4
564 6039 3
564 6051 1
564 6063 2
564 6072 5
564 6075 2
564 6077 1
564 6113 1
564 6115 4
564 6161 5
564 6169 2
564 6175 1
564 6183 4
564 6189 1
564 6212 2
564 6225 4
564 6234 1
564 6251 3
564 6268 2
564 6283 3
564 6292 4
564 6311 2
564 6312 5
564 6322 3
564 6332 2
564 6344 2
564 6346 4
564 6356 0
564 6364 5
564 6370 5
564 6371 0
564 6392 3
564 6396 1
564 6428 3
564 6439 5
564 6467 1
564 6469 2
564 6474 4
564 6479 3
564 6497 5
564 6508 0
564 6516 5
564 6544 0
564 6559 1
564 6579 3
564 6581 3
564 6597 1
564 6620 0
564 6664 5
564 6668 4
564 6676 4
564 6678 4
564 6755 3
564 6756 4
564 6760 2
564 6763 4
564 6796 1
564 6877 2
564 6880 0
564 6898 5
564 6921 1
564 6942 3
564 6949 3
564 6950 4
564 6994 2
564 6998 1
564 7051 4
564 7070 0
564 7093 3
564 7116 3
564 7133 5
564 7134 1
564 7146 1
564 7150 3
564 7161 0
564 7209 3
564 7232 2
564 7262 1
564 7323 1
564 7324 2
564 7338 3
564 7414 4
564 7433 5
564 7444 5
564 7489 2
564 7506 3
564 7520 5
564 7548 3
564 7566 0
564 7584 4
564 7589 2
564 7591 1
564 7624 0
564 7689 4
564 7693 2
564 7706 0
564 7758 1
564 7799 3
564 7837 4
564 7848 5
564 7858 3
564 7982 1
564 8016 2
564 8048 5
564 8110 3
564 8134 4
564 8152 2
564 8198 2
564 8218 1
564 8223 4
564 8224 5
564 8353 5
564 8375 3
564 8380 1
564 8394 1
564 8405 3
564 8470 0
564 8532 1
564 8563 4
564 8597 2
564 8617 1
564 8689 1
564 8700 5
564 8821 2
564 8851 1
564 8869 4
564 8885 5
564 8899 1
564 8957 2
564 8966 1
564 8971 1
564 8985 5
564 9040 3
564 9059 0
564 9151 5
564 9221 5
564 9331 3
564 9408 0
564 9602 2
564 9658 1
564 9750 1
564 9787 4
564 10091 4
564 10137 0
564 10177 3
564 10374 2
564 10377 5
564 10563 2
564 10584 4
564 10677 2
564 10974 0
564 11017 4
564 11073 0
564 11147 4
564 11248 5
564 11702 4
564 11838 2
564 11856 1
564 11910 5
564 12367 3
564 12405 0
564 12677 2
564 12985 3
564 13030 1
564 13084 4
564 13401 4
564 13620 5
564 13954 3
564 14336 2
564 15077 5
564 15954 2
564 15967 1
564 16002 3
564 16078 5
564 16624 0
564 16944 1
564 16944 1